 Year Mo Globe  Land Ocean   NH   Land Ocean   SH   Land Ocean Trpcs  Land Ocean NoExt  Land Ocean SoExt  Land Ocean NoPol  Land Ocean SoPol  Land Ocean USA48 USA49  AUST
 1978 12  1.14  0.54  1.37  0.55 -0.04  0.92  1.74  1.87  1.71  1.37  1.33  1.38  0.09 -0.39  0.52  1.95  2.23  1.90 -1.13 -1.81 -0.33  2.17  2.38  2.08 -1.21 -1.95  2.97
 1979  1  1.14  1.19  1.12  0.99  1.32  0.79  1.29  0.89  1.37  0.74  0.84  0.71  1.11  1.41  0.84  1.59  1.03  1.69 -1.95 -1.45 -2.52  1.14  1.00  1.21  2.34  1.77  0.39
 1979  2  0.92  1.03  0.88  1.28  1.38  1.21  0.56  0.22  0.64 -0.15 -0.35 -0.09  2.04  1.86  2.20  0.93  0.60  0.99  4.01  3.65  4.41  0.81  0.77  0.82  1.61  2.13  0.35
 1979  3  0.99  1.32  0.85  1.09  1.61  0.76  0.88  0.67  0.92  0.13  0.10  0.13  1.64  2.02  1.31  1.23  1.05  1.26  4.36  4.38  4.33  0.96  1.07  0.90  0.59  0.47  0.56
 1979  4  1.09  1.02  1.12  0.89  0.89  0.89  1.29  1.34  1.29  0.87  0.90  0.86  0.90  0.91  0.90  1.51  1.59  1.50  1.09  0.88  1.34  0.83  1.04  0.73  0.96  0.43  2.22
 1979  5  1.12  1.17  1.11  1.22  1.22  1.21  1.03  1.07  1.02  1.00  1.05  0.99  1.30  1.25  1.35  1.07  1.12  1.06  0.64  0.58  0.71  0.04  0.26 -0.06  1.89  1.78  1.41
 1979  6  0.98  1.01  0.97  1.17  1.25  1.13  0.79  0.48  0.86  0.68  0.68  0.69  1.41  1.39  1.43  0.88  0.37  0.96  1.15  1.29  0.98 -0.22 -0.36 -0.15  1.44  1.34  1.44
 1979  7  0.81  0.90  0.77  0.83  0.96  0.76  0.78  0.77  0.79  0.57  0.66  0.54  1.01  1.07  0.96  0.86  0.76  0.88  1.05  1.11  0.99  0.44  0.20  0.55  1.25  1.16  1.05
 1979  8  0.74  0.87  0.68  0.97  1.00  0.95  0.50  0.58  0.49  0.58  0.55  0.59  1.18  1.13  1.22  0.46  0.58  0.44  1.30  1.34  1.26 -0.53 -0.46 -0.56  1.34  1.12  1.05
 1979  9  0.75  0.85  0.71  0.98  0.98  0.98  0.51  0.53  0.51  0.60  0.62  0.59  1.19  1.07  1.29  0.47  0.50  0.47  1.11  0.94  1.31 -0.25 -0.36 -0.20  0.42  0.48  1.20
 1979 10  0.81  1.14  0.68  0.26  0.67 -0.01  1.36  2.19  1.19 -0.62 -0.55 -0.64  0.71  0.95  0.50  2.41  4.40  2.06  0.89  1.06  0.68  6.56  9.71  5.06  0.62  0.81  0.20
 1979 11  0.91  1.00  0.87  0.51  0.68  0.40  1.31  1.72  1.22 -0.10 -0.02 -0.13  0.81  0.86  0.77  2.07  3.04  1.90  2.73  2.35  3.16  4.58  5.97  3.92  1.86  2.06  0.83
 1979 12  0.97  0.55  1.13  0.27  0.03  0.42  1.67  1.71  1.66  0.81  0.92  0.77 -0.03 -0.22  0.14  2.13  2.38  2.09  0.01 -1.09  1.28  2.35  3.15  1.97 -0.62 -1.87  2.16
 1980  1  0.96  0.48  1.15  0.30  0.05  0.47  1.62  1.46  1.65  0.99  1.03  0.98 -0.03 -0.23  0.15  1.92  1.83  1.94 -4.52 -3.92 -5.21  1.03  1.06  1.02 -0.56 -1.14  1.95
 1980  2  0.89  0.65  0.99  0.76  0.51  0.91  1.03  0.96  1.04  0.37  0.48  0.34  0.99  0.52  1.41  1.34  1.32  1.34 -3.02 -2.26 -3.89  1.23  1.49  1.11  1.64  1.48  0.23
 1980  3  0.60  1.42  0.27  0.99  2.03  0.32  0.21  0.05  0.24 -0.65 -0.57 -0.67  1.88  2.74  1.10  0.63  0.45  0.66  5.47  5.93  4.95  1.02  1.42  0.83  1.20  1.98 -0.29
 1980  4  0.53  0.89  0.39  0.65  1.01  0.42  0.42  0.62  0.38 -0.40 -0.31 -0.43  1.19  1.35  1.04  0.86  1.32  0.78  3.13  3.19  3.06  1.41  2.51  0.89  1.05  1.35  0.22
 1980  5  0.66  0.81  0.60  0.72  0.90  0.60  0.61  0.62  0.61  0.07  0.05  0.07  1.01  1.10  0.93  0.94  1.10  0.91  1.09  1.35  0.78  2.05  2.65  1.76  1.10  1.13  0.08
 1980  6  0.81  1.11  0.68  0.99  1.16  0.88  0.62  1.01  0.54  0.45  0.58  0.41  1.20  1.29  1.11  0.79  1.40  0.69  1.47  1.51  1.42  3.29  3.68  3.10  1.19  1.10 -0.53
 1980  7  0.90  1.16  0.80  1.37  1.35  1.39  0.43  0.72  0.37  1.27  1.32  1.26  1.36  1.33  1.38  0.06  0.34  0.01  1.45  1.49  1.40  0.19  0.26  0.16  1.14  1.16  0.25
 1980  8  0.82  1.16  0.68  1.54  1.46  1.60  0.09  0.50  0.01  1.67  1.68  1.67  1.41  1.38  1.44 -0.68 -0.30 -0.74  1.12  0.98  1.28 -1.12 -0.89 -1.23  1.37  1.42  0.06
 1980  9  0.88  0.99  0.84  1.42  1.31  1.50  0.34  0.27  0.36  1.64  1.70  1.62  1.28  1.20  1.35 -0.31 -0.79 -0.23  1.10  0.97  1.24 -2.18 -2.61 -1.98  1.16  1.06 -0.41
 1980 10  0.97  1.05  0.93  1.05  1.09  1.03  0.89  0.98  0.87  1.09  1.10  1.09  1.03  1.09  0.97  0.78  0.88  0.76  1.34  1.18  1.52  0.20  0.99 -0.17  0.83  1.13  0.71
 1980 11  1.01  0.96  1.03  0.79  0.62  0.90  1.23  1.72  1.13  1.26  1.29  1.26  0.54  0.44  0.63  1.21  2.07  1.06  0.53  0.35  0.72  2.24  3.98  1.41  0.55  0.41  0.71
 1980 12  0.96  0.74  1.05  0.50  0.21  0.68  1.42  1.93  1.32  1.33  1.38  1.31  0.01 -0.13  0.14  1.52  2.45  1.35 -4.11 -3.85 -4.40  3.63  4.51  3.22 -0.99 -2.21  1.03
 1981  1  0.87  0.60  0.97  0.53  0.31  0.68  1.21  1.28  1.19  1.53  1.59  1.52 -0.00 -0.04  0.03  1.04  1.07  1.04 -5.66 -5.24 -6.15  1.18  1.31  1.12  2.14  1.55  0.66
 1981  2  0.78  1.26  0.59  1.20  1.67  0.89  0.36  0.32  0.37  0.44  0.47  0.44  1.61  2.00  1.26  0.31  0.17  0.33  3.11  3.37  2.82  0.73  0.67  0.75  0.71  0.28 -0.41
 1981  3  0.62  0.69  0.59  0.58  0.67  0.53  0.66  0.74  0.64  0.16  0.24  0.14  0.85  0.77  0.91  0.88  1.15  0.83  2.92  1.81  4.19  1.29  1.36  1.25  0.92  0.68  1.62
 1981  4  0.74  0.93  0.66  0.79  0.97  0.67  0.69  0.84  0.66  0.53  0.47  0.55  0.96  1.13  0.82  0.73  1.05  0.67  0.03  0.20 -0.17  1.02  1.51  0.79  0.38 -0.02  0.32
 1981  5  0.68  0.73  0.66  0.57  0.68  0.51  0.79  0.85  0.77  0.20  0.24  0.19  0.79  0.82  0.77  1.08  1.25  1.05 -0.49 -0.34 -0.67  2.38  2.16  2.49  1.65  1.28  0.89
 1981  6  0.69  0.98  0.58  0.80  0.88  0.74  0.58  1.21  0.45  0.59  0.62  0.58  0.90  0.94  0.86  0.58  1.67  0.39  0.56  0.47  0.65  1.64  2.36  1.30  0.50  0.70  0.91
 1981  7  0.63  0.90  0.53  0.97  0.87  1.03  0.30  0.95  0.16  0.99  1.02  0.98  0.95  0.83  1.05 -0.05  0.91 -0.22  1.08  1.00  1.16  0.24  0.80 -0.03  0.73  0.76  0.91
 1981  8  0.60  0.78  0.54  0.81  0.83  0.80  0.40  0.67  0.34  0.84  0.89  0.83  0.78  0.81  0.76  0.17  0.51  0.11  0.55  0.47  0.64 -0.29 -0.26 -0.30  0.88  0.92  0.93
 1981  9  0.68  0.62  0.71  0.67  0.69  0.66  0.70  0.48  0.74  0.39  0.45  0.37  0.83  0.75  0.90  0.85  0.49  0.91  0.79  0.95  0.59  0.30  0.77  0.07  0.96  1.22 -0.41
 1981 10  0.82  0.90  0.79  0.75  0.88  0.66  0.89  0.95  0.88  0.36  0.45  0.34  0.97  1.01  0.93  1.16  1.29  1.14  0.89  0.77  1.02 -1.00  0.43 -1.68  1.04  0.95  1.40
 1981 11  0.91  0.98  0.88  0.78  0.84  0.75  1.03  1.31  0.97  0.54  0.50  0.55  0.93  0.91  0.94  1.28  1.97  1.15  1.43  1.59  1.26  2.55  3.71  1.99  0.86  1.53  0.75
 1981 12  0.78  0.38  0.94  0.49 -0.02  0.81  1.08  1.26  1.04  0.59  0.52  0.60  0.43 -0.19  0.98  1.34  1.90  1.25  2.17  0.93  3.60  2.46  3.23  2.09  0.21  0.76  0.43
 1982  1  0.78  0.98  0.70  1.01  1.29  0.83  0.55  0.27  0.61  0.01 -0.02  0.01  1.50  1.60  1.40  0.88  0.58  0.93  1.60  2.17  0.94  0.39  0.38  0.39  0.20  0.47  0.22
 1982  2  0.89  1.28  0.73  1.27  1.67  1.01  0.51  0.40  0.53  0.26  0.26  0.25  1.76  2.01  1.53  0.69  0.62  0.70  0.53  0.51  0.57  0.68  0.58  0.72  0.77  0.32  0.39
 1982  3  0.93  1.24  0.80  1.12  1.48  0.89  0.73  0.69  0.74  0.48  0.53  0.47  1.44  1.69  1.21  0.88  0.93  0.88 -0.01  0.62 -0.73  1.09  1.21  1.03  1.57  1.59  0.41
 1982  4  0.92  0.93  0.91  1.16  1.00  1.26  0.68  0.77  0.66  0.36  0.43  0.34  1.56  1.14  1.93  0.86  1.06  0.83  3.54  2.46  4.78  0.86  0.65  0.97  1.74  2.20  1.46
 1982  5  1.07  1.33  0.97  1.37  1.55  1.26  0.77  0.84  0.75  0.79  0.93  0.74  1.69  1.71  1.68  0.75  0.78  0.74  3.13  2.90  3.39  0.01 -0.13  0.07  1.14  1.44  1.37
 1982  6  1.25  1.75  1.06  1.72  1.83  1.64  0.79  1.57  0.62  1.53  1.76  1.46  1.84  1.88  1.81  0.37  1.35  0.20  1.87  1.83  1.92 -0.72  0.35 -1.23  2.39  2.27  1.40
 1982  7  1.32  1.61  1.20  1.71  1.61  1.77  0.92  1.61  0.78  1.93  1.94  1.93  1.62  1.54  1.69  0.37  1.29  0.20  1.39  1.31  1.49 -0.03  0.46 -0.27  1.49  1.44  1.97
 1982  8  1.35  1.48  1.30  1.75  1.53  1.89  0.95  1.36  0.86  2.15  2.17  2.14  1.57  1.39  1.73  0.29  0.65  0.22  1.44  1.41  1.48 -0.37 -0.22 -0.45  1.06  1.02  0.90
 1982  9  1.52  1.67  1.46  1.97  1.74  2.12  1.07  1.51  0.98  2.51  2.48  2.52  1.73  1.57  1.87  0.28  0.71  0.20  1.87  1.61  2.18 -0.88 -0.63 -0.99  1.77  1.61  2.28
 1982 10  1.59  1.54  1.60  1.37  1.27  1.44  1.80  2.14  1.73  1.78  1.80  1.77  1.15  1.13  1.17  1.82  2.40  1.72  0.68  0.66  0.71  4.09  3.91  4.17  1.14  0.97  1.99
 1982 11  1.71  1.59  1.75  1.43  1.22  1.57  1.98  2.43  1.89  2.12  2.21  2.09  1.03  0.94  1.11  1.95  2.62  1.83 -0.96 -0.65 -1.31  3.19  4.18  2.72  2.02  1.66  1.41
 1982 12  1.65  1.47  1.72  1.31  1.12  1.43  1.99  2.26  1.93  2.02  2.09  2.00  0.94  0.90  0.98  1.96  2.26  1.91 -1.04 -0.75 -1.38  1.75  2.42  1.44  2.72  2.89  2.78
 1983  1  1.66  1.49  1.72  1.22  1.27  1.19  2.10  2.00  2.12  2.01  2.23  1.94  0.81  0.98  0.65  2.14  1.94  2.17 -2.93 -2.20 -3.78  0.84  1.00  0.77  2.74  2.53  3.10
 1983  2  1.55  1.88  1.42  1.57  2.01  1.28  1.53  1.57  1.52  1.50  1.73  1.43  1.61  2.07  1.20  1.53  1.50  1.53  0.31  1.60 -1.18  0.78  0.98  0.69  2.02  2.26  2.28
 1983  3  1.35  1.73  1.21  1.56  2.02  1.27  1.15  1.09  1.16  1.08  1.30  1.01  1.84  2.19  1.53  1.15  0.97  1.19  4.27  4.20  4.34  0.85  0.50  1.02  2.81  2.84  1.17
 1983  4  1.19  1.34  1.13  1.19  1.43  1.04  1.19  1.13  1.20  1.15  1.30  1.10  1.21  1.47  0.99  1.21  0.98  1.25  2.31  2.06  2.59  0.95  0.39  1.22  2.45  2.17  1.57
 1983  5  1.07  1.00  1.10  1.14  1.15  1.14  1.00  0.66  1.08  1.28  1.21  1.29  1.06  1.13  0.99  0.87  0.23  0.99  0.41  0.50  0.30  0.05 -1.10  0.60  1.99  1.69  0.56
 1983  6  0.99  1.04  0.98  1.11  1.10  1.12  0.88  0.91  0.87  1.15  1.14  1.15  1.08  1.07  1.09  0.75  0.78  0.74  0.43  0.28  0.60 -0.55 -0.52 -0.56  1.57  1.39  1.37
 1983  7  0.92  0.89  0.93  0.95  0.84  1.02  0.88  1.01  0.86  1.02  1.00  1.03  0.92  0.79  1.03  0.81  1.06  0.76  0.57  0.66  0.47  0.39 -0.04  0.60  0.67  0.71  1.79
 1983  8  0.93  0.91  0.94  1.15  0.94  1.29  0.72  0.84  0.69  1.34  1.28  1.35  1.04  0.83  1.22  0.40  0.55  0.38  0.80  0.78  0.81 -0.63 -0.96 -0.48  0.37  0.48  2.36
 1983  9  1.02  0.81  1.11  1.12  0.90  1.26  0.92  0.61  0.99  1.34  1.28  1.35  0.99  0.78  1.18  0.72  0.15  0.83  0.71  0.55  0.89 -1.23 -1.72 -1.00  1.07  1.01  0.43
 1983 10  1.14  0.89  1.24  1.18  0.80  1.42  1.11  1.10  1.11  1.52  1.55  1.51  1.00  0.61  1.35  0.89  0.71  0.92  0.55  0.56  0.54  0.07 -0.34  0.26  0.92  0.90  1.48
 1983 11  1.10  1.32  1.02  0.99  1.04  0.96  1.22  1.96  1.06  0.83  0.87  0.82  1.06  1.07  1.06  1.43  2.84  1.18  0.84  0.75  0.94  4.53  5.77  3.94  1.95  2.12  0.44
 1983 12  0.97  1.09  0.92  1.08  1.03  1.10  0.87  1.23  0.79  0.89  0.96  0.87  1.13  1.05  1.20  0.90  1.44  0.80 -0.18  0.04 -0.43  1.22  2.08  0.82  1.33  1.31  1.16
 1984  1  0.83  0.70  0.88  0.64  0.66  0.62  1.02  0.81  1.07  1.20  1.28  1.18  0.30  0.50  0.12  0.97  0.45  1.07 -4.35 -3.45 -5.38 -0.14 -0.28 -0.08  1.29  0.63  1.20
 1984  2  0.62  0.34  0.72  0.73  0.19  1.07  0.50  0.69  0.46  0.79  0.84  0.77  0.63  0.01  1.19  0.42  0.60  0.38 -1.57 -1.55 -1.59  0.06  0.33 -0.06  3.57  4.28  1.04
 1984  3  0.28  1.10 -0.04  1.08  1.84  0.60 -0.53 -0.59 -0.51 -0.95 -0.84 -0.98  2.12  2.53  1.75 -0.27 -0.34 -0.26  6.94  6.68  7.23 -0.20 -0.11 -0.24  0.57  0.92 -0.37
 1984  4  0.33  0.42  0.29  0.42  0.52  0.36  0.23  0.20  0.24  0.06  0.07  0.06  0.59  0.65  0.55  0.34  0.28  0.35  1.63  1.67  1.58  0.19  0.05  0.25  0.68  0.60  0.53
 1984  5  0.45  0.39  0.47  0.40  0.40  0.40  0.50  0.36  0.53  0.36  0.21  0.40  0.40  0.43  0.38  0.58  0.53  0.59 -0.08 -0.07 -0.09  0.07  0.50 -0.13  0.38  0.53  0.98
 1984  6  0.41  0.22  0.48  0.23  0.11  0.31  0.59  0.48  0.61  0.26  0.18  0.28  0.19  0.08  0.30  0.78  0.74  0.79  0.34  0.37  0.30  1.85  1.96  1.80  0.42  0.48 -0.11
 1984  7  0.40  0.28  0.44  0.21  0.20  0.22  0.58  0.45  0.61  0.08  0.08  0.08  0.29  0.23  0.34  0.84  0.73  0.86  0.46  0.47  0.45  1.31  0.62  1.63  0.30  0.36  0.93
 1984  8  0.34  0.31  0.36  0.31  0.31  0.31  0.38  0.33  0.39 -0.07 -0.08 -0.07  0.52  0.41  0.61  0.61  0.64  0.61  0.72  0.82  0.62 -0.20 -0.19 -0.20  0.24  0.18  0.72
 1984  9  0.35  0.49  0.30  0.42  0.53  0.35  0.28  0.42  0.26  0.11  0.17  0.09  0.60  0.62  0.58  0.36  0.59  0.32  0.23  0.28  0.17 -0.49 -0.32 -0.57  0.49  0.45  1.37
 1984 10  0.37  0.55  0.30  0.44  0.64  0.31  0.30  0.34  0.29  0.10  0.08  0.11  0.60  0.75  0.47  0.41  0.63  0.38  0.92  1.06  0.76  0.75  1.91  0.19  0.57  0.30 -0.23
 1984 11  0.52  0.53  0.51  0.29  0.33  0.26  0.75  0.99  0.70  0.15  0.17  0.15  0.33  0.35  0.32  1.08  1.67  0.98  0.84  0.58  1.15  4.12  4.46  3.96  1.34  1.45 -0.21
 1984 12  0.51  0.53  0.50  0.53  0.59  0.49  0.49  0.40  0.51  0.00  0.04 -0.01  0.78  0.72  0.84  0.76  0.73  0.77  2.43  2.15  2.76  0.75  0.93  0.66 -1.63 -1.29 -0.17
 1985  1  0.23  0.43  0.15  0.35  0.70  0.12  0.11 -0.18  0.17 -0.65 -0.67 -0.65  0.88  1.05  0.73  0.50  0.23  0.55  6.57  5.54  7.74  0.14 -0.08  0.25 -2.37 -2.59  0.60
 1985  2  0.12  0.05  0.14 -0.10  0.01 -0.17  0.33  0.13  0.37  0.10 -0.10  0.16 -0.19  0.07 -0.43  0.44  0.20  0.48  1.29  1.32  1.26  0.22  0.30  0.18 -0.60 -0.93  0.47
 1985  3  0.07  0.08  0.06  0.07  0.19 -0.00  0.06 -0.15  0.11 -0.16 -0.26 -0.13  0.21  0.30  0.13  0.16 -0.06  0.20  2.86  2.57  3.18  0.30 -0.20  0.53 -0.41  0.17 -0.08
 1985  4  0.08 -0.09  0.15  0.01 -0.15  0.12  0.14  0.05  0.16  0.23  0.09  0.27 -0.14 -0.22 -0.07  0.14  0.02  0.16  2.54  2.07  3.07  0.48  0.02  0.69 -1.08 -0.63 -0.16
 1985  5  0.21  0.18  0.22  0.32  0.15  0.43  0.10  0.25  0.07  0.72  0.73  0.72  0.05 -0.02  0.11 -0.16 -0.05 -0.18 -0.07  0.05 -0.21 -0.43 -0.31 -0.49 -0.48 -0.37  0.33
 1985  6  0.34  0.31  0.35  0.45  0.34  0.52  0.23  0.26  0.22  0.82  0.87  0.80  0.20  0.20  0.21 -0.03 -0.21 -0.00  0.13  0.22  0.01  1.42  0.55  1.83  0.18  0.24 -0.71
 1985  7  0.37  0.42  0.36  0.44  0.38  0.48  0.30  0.51  0.26  0.94  0.91  0.95  0.13  0.21  0.05  0.03  0.30 -0.02  0.34  0.58  0.06  0.96  1.52  0.70 -0.13 -0.17 -0.59
 1985  8  0.37  0.37  0.38  0.56  0.33  0.70  0.19  0.46  0.14  0.99  0.96  1.00  0.26  0.13  0.37 -0.16  0.17 -0.22  0.42  0.34  0.51  0.20  0.55  0.04  0.47  0.42 -0.05
 1985  9  0.47  0.37  0.51  0.87  0.54  1.08  0.07 -0.04  0.09  1.28  1.27  1.28  0.61  0.33  0.85 -0.52 -0.97 -0.44  0.61  0.30  0.96 -1.20 -2.74 -0.46  0.96  0.86  0.07
 1985 10  0.46  0.52  0.44  0.89  0.74  0.99  0.03  0.03  0.03  1.26  1.34  1.24  0.66  0.57  0.74 -0.58 -0.93 -0.52  0.49  0.64  0.30 -2.66 -3.49 -2.26  0.36  0.51  0.86
 1985 11  0.37  0.47  0.33  0.62  0.67  0.59  0.12  0.02  0.14  0.64  0.73  0.61  0.58  0.66  0.52 -0.12 -0.51 -0.05 -0.31 -0.18 -0.46  0.26 -0.41  0.58  0.46 -0.14 -0.20
 1985 12  0.33  0.43  0.30  0.49  0.45  0.52  0.18  0.38  0.14  0.32  0.22  0.34  0.56  0.48  0.63  0.13  0.57  0.05 -1.71 -1.47 -1.97  1.21  1.37  1.13 -1.12 -1.60  0.04
 1986  1  0.35  0.60  0.25  0.60  0.83  0.45  0.11  0.10  0.11  0.24  0.29  0.22  0.78  0.97  0.61  0.05 -0.04  0.06 -0.05  0.41 -0.59 -0.32 -0.52 -0.23  1.32  1.90  0.44
 1986  2  0.44  0.57  0.39  0.55  0.72  0.44  0.33  0.25  0.35  0.67  0.76  0.64  0.43  0.69  0.19  0.21 -0.10  0.27 -3.22 -1.78 -4.86 -0.65 -1.17 -0.40  0.14  0.34  0.73
 1986  3  0.34  0.50  0.28  0.65  0.66  0.64  0.03  0.12  0.01  0.28  0.42  0.24  0.84  0.73  0.93 -0.10 -0.12 -0.09  3.11  2.81  3.46 -0.39 -0.41 -0.37 -0.19  0.62 -0.09
 1986  4  0.28  0.48  0.20  0.54  0.76  0.40  0.01 -0.16  0.05 -0.01 -0.07  0.01  0.79  0.97  0.63  0.06 -0.21  0.11  3.41  3.24  3.60 -0.04 -0.27  0.07 -0.38 -0.08 -0.21
 1986  5  0.29  0.19  0.33  0.09  0.17  0.04  0.48  0.23  0.54 -0.06 -0.01 -0.07  0.14  0.20  0.08  0.80  0.48  0.86  0.55  0.65  0.42  0.85  1.30  0.64 -0.19  0.02 -0.60
 1986  6  0.31  0.05  0.42 -0.01 -0.10  0.04  0.64  0.39  0.69  0.04  0.04  0.04 -0.04 -0.15  0.05  0.97  0.70  1.01  0.25  0.29  0.21  1.22  1.20  1.24 -1.03 -0.83  0.28
 1986  7  0.33  0.18  0.39  0.08  0.09  0.07  0.59  0.40  0.63  0.10  0.18  0.07  0.06  0.07  0.06  0.85  0.54  0.91  0.24  0.23  0.25  1.06  0.73  1.22  0.11  0.03  0.79
 1986  8  0.20 -0.04  0.30 -0.33 -0.11 -0.46  0.73  0.11  0.86 -0.77 -0.66 -0.80 -0.08  0.04 -0.17  1.51  0.69  1.65  0.29  0.21  0.39  2.66  1.06  3.42 -0.19 -0.06 -0.39
 1986  9  0.23  0.13  0.26  0.12  0.25  0.03  0.33 -0.13  0.43 -0.35 -0.26 -0.37  0.36  0.37  0.36  0.69  0.00  0.81  0.62  0.53  0.72  1.62  0.20  2.29  0.96  0.70 -0.32
 1986 10  0.38  0.32  0.40  0.28  0.21  0.32  0.48  0.57  0.46 -0.01  0.13 -0.05  0.43  0.23  0.61  0.73  0.94  0.70 -0.28 -0.61  0.11  0.72  0.76  0.69  0.35 -0.16  0.99
 1986 11  0.37  0.70  0.24  0.39  0.48  0.33  0.35  1.20  0.17 -0.31 -0.13 -0.37  0.74  0.62  0.85  0.71  2.28  0.44 -0.59 -0.59 -0.60  4.28  6.03  3.45  0.25 -0.12 -0.15
 1986 12  0.49  0.97  0.30  0.45  1.11  0.02  0.53  0.66  0.50  0.18  0.29  0.15  0.56  1.31 -0.12  0.74  0.98  0.70 -0.96  0.30 -2.41  1.59  1.73  1.52 -0.11 -0.25  0.99
 1987  1  0.38  0.51  0.33  0.32  0.67  0.09  0.44  0.15  0.50  0.07  0.20  0.04  0.46  0.80  0.15  0.63  0.12  0.72  3.62  3.80  3.41  0.21 -0.19  0.40  1.05  1.52  0.30
 1987  2  0.16  0.28  0.12  0.40  0.45  0.36 -0.07 -0.11 -0.06 -0.75 -0.62 -0.79  1.01  0.73  1.27  0.28  0.30  0.27  8.01  6.59  9.64  0.30  0.68  0.13 -1.09 -0.63 -0.21
 1987  3  0.11  0.31  0.04  0.02  0.36 -0.19  0.20  0.21  0.20 -0.60 -0.51 -0.63  0.36  0.58  0.16  0.63  0.78  0.60  1.24  0.99  1.53  0.79  0.94  0.72 -0.96 -1.45  1.43
 1987  4  0.29  0.34  0.27  0.28  0.31  0.26  0.30  0.43  0.28  0.22  0.33  0.19  0.29  0.29  0.28  0.36  0.52  0.34 -1.25 -0.82 -1.76  0.02 -0.04  0.04  0.70  0.26  1.07
 1987  5  0.38  0.51  0.32  0.62  0.65  0.61  0.13  0.20  0.11  0.24  0.31  0.22  0.82  0.73  0.91  0.07  0.15  0.05 -0.25 -0.01 -0.52 -0.67 -1.15 -0.45  0.55  0.61  0.86
 1987  6  0.35  0.55  0.27  0.58  0.70  0.51  0.11  0.20  0.09 -0.02  0.12 -0.06  0.94  0.89  0.98  0.14  0.16  0.14  0.67  0.82  0.49 -0.45 -0.47 -0.43  0.74  0.83  0.65
 1987  7  0.40  0.77  0.25  0.79  0.93  0.70  0.00  0.42 -0.08  0.47  0.38  0.50  1.01  1.09  0.95 -0.30  0.40 -0.42  0.68  0.81  0.53 -1.10 -0.59 -1.34  1.39  1.21  1.31
 1987  8  0.33  0.81  0.15  0.90  0.95  0.86 -0.23  0.51 -0.38  0.74  0.76  0.74  1.00  1.02  0.98 -0.76  0.27 -0.94  0.56  0.57  0.55 -0.93 -0.76 -1.00  0.93  0.69  0.66
 1987  9  0.34  0.61  0.24  0.90  0.92  0.90 -0.22 -0.08 -0.25  1.00  0.96  1.01  0.92  0.94  0.91 -0.93 -0.97 -0.92  0.70  0.59  0.82 -4.13 -4.21 -4.09  1.63  1.56  1.12
 1987 10  0.31  0.41  0.27  0.81  0.76  0.85 -0.20 -0.38 -0.16  0.92  0.97  0.90  0.82  0.73  0.90 -0.84 -1.50 -0.73  0.45  0.06  0.90 -6.13 -5.88 -6.24  1.41  1.27  1.73
 1987 11  0.33  0.31  0.33  0.85  0.94  0.80 -0.20 -1.12 -0.01  0.67  0.69  0.67  1.04  1.06  1.03 -0.75 -2.65 -0.42  2.99  3.23  2.73 -7.06 -8.00 -6.62  0.99  1.76  0.99
 1987 12  0.09  0.56 -0.09  0.33  0.72  0.08 -0.14  0.19 -0.21 -0.43 -0.46 -0.42  0.81  1.06  0.58 -0.07  0.59 -0.18  8.55  7.21 10.09  0.93  1.81  0.51 -0.89 -0.70 -0.29
 1988  1  0.22 -0.28  0.42 -0.52 -0.89 -0.28  0.96  1.08  0.94  1.03  1.11  1.01 -1.29 -1.40 -1.19  0.87  1.00  0.85 -3.18 -3.48 -2.83  0.94  1.00  0.91 -0.84 -2.04  1.46
 1988  2  0.31 -0.34  0.57 -0.26 -0.95  0.19  0.88  1.02  0.85  1.12  1.06  1.14 -0.95 -1.47 -0.48  0.72  0.99  0.67 -8.56 -7.51 -9.77  1.03  1.16  0.97 -0.08 -1.12  1.03
 1988  3  0.17  0.77 -0.07  0.60  1.33  0.14 -0.27 -0.47 -0.22 -0.60 -0.60 -0.60  1.26  1.86  0.73 -0.11 -0.46 -0.05  3.17  3.40  2.92  0.01 -0.33  0.17  2.15  2.41  0.11
 1988  4  0.15  0.09  0.17  0.28  0.22  0.32  0.01 -0.19  0.05 -0.05 -0.16 -0.02  0.48  0.32  0.62  0.02 -0.22  0.06  2.85  2.29  3.48  0.07 -0.24  0.22  0.21  0.42 -0.03
 1988  5  0.19  0.24  0.18  0.23  0.30  0.18  0.16  0.10  0.17  0.24  0.21  0.25  0.23  0.34  0.14  0.10 -0.03  0.13  0.35  0.57  0.11 -0.32 -0.58 -0.20  0.55  0.55 -0.22
 1988  6  0.37  0.56  0.29  0.68  0.62  0.72  0.05  0.42 -0.03  1.03  1.02  1.03  0.52  0.53  0.50 -0.48 -0.09 -0.55  0.43  0.59  0.25 -1.68 -1.24 -1.89  0.12  0.22  0.49
 1988  7  0.37  0.30  0.40  0.37  0.23  0.46  0.37  0.46  0.35  0.75  0.68  0.77  0.17  0.10  0.24  0.17  0.33  0.14  0.02 -0.04  0.10  0.15  0.70 -0.12  0.52  0.50  0.64
 1988  8  0.33  0.03  0.45 -0.26 -0.28 -0.25  0.92  0.71  0.97 -0.36 -0.44 -0.34 -0.22 -0.24 -0.21  1.62  1.61  1.62  0.01  0.00  0.02  2.88  3.72  2.48 -0.29 -0.19  1.21
 1988  9  0.36  0.26  0.40 -0.21 -0.27 -0.18  0.94  1.45  0.83 -0.44 -0.53 -0.41 -0.10 -0.21  0.00  1.67  2.96  1.44  0.10 -0.23  0.49  4.55  7.00  3.39 -0.30 -0.16 -0.01
 1988 10  0.47  0.42  0.50  0.02 -0.16  0.13  0.93  1.72  0.76 -0.14 -0.27 -0.10  0.10 -0.15  0.31  1.50  3.28  1.18 -0.43 -0.52 -0.32  5.07  8.68  3.35  0.56  0.45 -1.12
 1988 11  0.50  0.86  0.36  0.07  0.23 -0.04  0.94  2.28  0.66 -0.12 -0.31 -0.06  0.16  0.36 -0.02  1.50  4.25  1.01 -0.67 -0.39 -0.99  8.04 11.11  6.59  1.01  1.09 -0.78
 1988 12  0.50  0.24  0.60  0.24 -0.11  0.47  0.75  1.05  0.69  0.57  0.31  0.65  0.05 -0.23  0.30  0.87  1.62  0.74 -1.96 -2.52 -1.31  2.83  4.03  2.26 -0.74 -1.73 -0.73
 1989  1  0.63  0.05  0.86  0.03 -0.59  0.42  1.23  1.51  1.18  1.37  1.33  1.39 -0.69 -1.08 -0.35  1.17  1.57  1.10 -6.21 -5.64 -6.87  0.87  0.87  0.87  1.70  1.13  2.43
 1989  2  0.56  0.64  0.54  0.77  0.79  0.76  0.36  0.29  0.37  0.37  0.20  0.42  0.94  0.94  0.94  0.39  0.39  0.39  1.43  0.80  2.15  0.40  0.23  0.47 -2.36 -2.34  0.84
 1989  3  0.33  0.44  0.28  0.72  0.74  0.71 -0.06 -0.22 -0.03 -0.16 -0.23 -0.14  1.13  0.98  1.27  0.03 -0.17  0.07  6.96  5.69  8.42  0.13 -0.20  0.29 -0.99 -0.83 -0.55
 1989  4  0.38  0.37  0.38  0.44  0.43  0.45  0.31  0.24  0.33  0.70  0.58  0.73  0.29  0.38  0.21  0.13  0.02  0.15  0.59  0.47  0.72 -0.36 -0.32 -0.37 -0.39 -0.67 -0.29
 1989  5  0.44  0.26  0.52  0.30  0.17  0.38  0.59  0.45  0.62  0.59  0.52  0.62  0.14  0.07  0.20  0.59  0.42  0.62 -0.45 -0.41 -0.49  1.17  0.99  1.25  0.20 -0.01 -0.16
 1989  6  0.45  0.41  0.46  0.47  0.36  0.54  0.42  0.51  0.41  0.74  0.63  0.77  0.34  0.29  0.39  0.24  0.43  0.21 -0.15 -0.25 -0.04  0.60  0.25  0.77  0.69  0.53  0.69
 1989  7  0.37  0.53  0.31  0.65  0.47  0.77  0.09  0.65 -0.03  0.88  0.85  0.89  0.57  0.38  0.73 -0.36  0.49 -0.51  0.11 -0.05  0.30 -0.10 -0.44  0.06  0.58  0.43  1.47
 1989  8  0.34  0.76  0.17  0.88  0.86  0.90 -0.21  0.53 -0.37  1.06  1.04  1.07  0.80  0.80  0.81 -0.90  0.18 -1.09  0.32  0.34  0.30 -1.49 -1.34 -1.57  1.21  0.94  1.75
 1989  9  0.38  0.50  0.33  0.83  0.62  0.97 -0.08  0.22 -0.14  1.22  1.16  1.24  0.64  0.49  0.79 -0.78 -0.51 -0.83  0.29  0.15  0.44 -3.54 -3.36 -3.63  0.59  0.33  1.01
 1989 10  0.47  0.56  0.43  0.81  0.69  0.89  0.12  0.29  0.09  0.98  0.95  0.99  0.73  0.62  0.84 -0.34 -0.21 -0.37  0.71  0.69  0.73 -3.31 -2.02 -3.93  0.80  1.04  1.11
 1989 11  0.37  0.49  0.33  0.10  0.45 -0.13  0.65  0.58  0.66 -0.28 -0.32 -0.26  0.31  0.64  0.02  1.12  1.32  1.08  0.49  0.52  0.46  3.14  2.64  3.38  0.62  1.01  0.41
 1989 12  0.41  0.23  0.49  0.04 -0.11  0.13  0.79  1.00  0.75  0.44  0.44  0.44 -0.16 -0.25 -0.07  0.96  1.41  0.88 -3.51 -3.45 -3.58  1.81  2.54  1.47  0.01 -0.86  1.33
 1990  1  0.43 -0.04  0.61 -0.08 -0.46  0.17  0.93  0.90  0.94  0.91  0.89  0.92 -0.57 -0.81 -0.36  0.91  0.87  0.92 -4.24 -3.50 -5.09  0.69  0.85  0.62  0.73  1.08  0.78
 1990  2  0.36  0.08  0.47  0.29 -0.17  0.59  0.42  0.63  0.37 -0.10 -0.09 -0.10  0.52 -0.18  1.15  0.67  1.15  0.59  0.40  0.03  0.82  1.13  1.03  1.18  2.62  2.96  2.20
 1990  3  0.41  0.23  0.49  0.07  0.03  0.10  0.75  0.66  0.77  0.72  0.81  0.70 -0.24 -0.18 -0.29  0.74  0.57  0.77 -2.35 -1.74 -3.06  0.49  0.18  0.63 -0.03 -0.38  0.32
 1990  4  0.48  0.12  0.62  0.13 -0.07  0.26  0.83  0.54  0.89  0.82  0.74  0.85 -0.27 -0.30 -0.24  0.87  0.43  0.94 -3.06 -2.75 -3.42  0.10 -0.17  0.23 -0.11 -0.75  0.82
 1990  5  0.43  0.23  0.50  0.41  0.18  0.56  0.44  0.35  0.46  0.92  0.89  0.93  0.10 -0.03  0.22  0.23  0.02  0.27 -0.88 -0.72 -1.07 -0.66 -0.02 -0.96  0.91  0.66 -0.14
 1990  6  0.45  0.44  0.45  0.72  0.58  0.81  0.17  0.12  0.18  1.15  1.23  1.13  0.44  0.39  0.48 -0.29 -0.66 -0.22  0.14  0.19  0.09 -0.25 -0.84  0.03  0.16  0.13 -0.96
 1990  7  0.41  0.54  0.35  0.71  0.58  0.80  0.10  0.46  0.03  1.18  1.25  1.16  0.41  0.38  0.43 -0.41 -0.07 -0.47  0.24  0.29  0.17 -0.79 -0.62 -0.88  0.56  0.50  0.14
 1990  8  0.36  0.41  0.34  0.58  0.54  0.62  0.14  0.13  0.14  0.78  0.82  0.77  0.44  0.46  0.41 -0.15 -0.38 -0.11  0.26  0.38  0.13 -0.25 -0.66 -0.06  0.76  0.57 -0.58
 1990  9  0.33  0.33  0.33  0.53  0.39  0.62  0.12  0.19  0.11  0.75  0.78  0.74  0.36  0.27  0.45 -0.15 -0.20 -0.14  0.27  0.43  0.08  0.60 -0.21  0.98 -0.04  0.07  0.10
 1990 10  0.37  0.29  0.40  0.50  0.48  0.51  0.24 -0.14  0.32  0.86  0.90  0.86  0.29  0.37  0.22 -0.07 -0.91  0.07 -0.21 -0.34 -0.05 -2.19 -2.76 -1.92  0.76  0.34  0.37
 1990 11  0.47  0.35  0.51  0.70  0.57  0.78  0.24 -0.16  0.32  1.31  1.32  1.31  0.36  0.38  0.35 -0.33 -1.29 -0.15 -1.46 -0.90 -2.11 -2.82 -3.36 -2.57 -0.33 -0.86  0.36
 1990 12  0.47  0.38  0.51  0.49  0.36  0.57  0.45  0.43  0.46  1.17  1.16  1.17  0.13  0.17  0.10  0.08 -0.21  0.13 -1.13 -1.15 -1.11 -1.36 -1.03 -1.52  0.62  0.14  0.58
 1991  1  0.29  0.61  0.16  0.59  0.87  0.41 -0.01  0.03 -0.02  0.12  0.08  0.13  0.84  1.08  0.63 -0.07  0.01 -0.09  0.99  0.73  1.28  0.32  0.55  0.21  0.73 -0.18 -0.57
 1991  2  0.13  0.39  0.02  0.38  0.78  0.12 -0.13 -0.50 -0.05 -0.11 -0.07 -0.12  0.65  1.00  0.34 -0.16 -0.81 -0.04  2.94  2.66  3.26 -0.23 -0.60 -0.06 -1.86 -1.60 -1.48
 1991  3  0.31  0.64  0.18  0.53  0.83  0.33  0.09  0.22  0.07  0.21  0.28  0.18  0.72  0.99  0.48  0.01  0.12 -0.01  1.32  1.66  0.92  0.08  0.22  0.01  1.09  1.46  0.36
 1991  4  0.31  0.45  0.26  0.40  0.52  0.33  0.23  0.31  0.21  0.03  0.10  0.01  0.60  0.64  0.57  0.33  0.45  0.30  1.89  1.51  2.33  0.59  1.20  0.29  0.71  0.84  0.13
 1991  5  0.32  0.34  0.31  0.27  0.35  0.23  0.36  0.30  0.38  0.08  0.12  0.07  0.36  0.42  0.31  0.53  0.41  0.55  0.16  0.17  0.16  0.55  0.88  0.39 -0.19 -0.06  0.39
 1991  6  0.41  0.42  0.40  0.44  0.42  0.46  0.37  0.41  0.36  0.14  0.14  0.14  0.61  0.51  0.69  0.49  0.56  0.47  0.24  0.15  0.33 -0.14  0.45 -0.43  0.85  0.72  0.02
 1991  7  0.83  0.82  0.84  0.87  0.82  0.90  0.79  0.81  0.79  0.84  0.84  0.84  0.87  0.81  0.92  0.79  0.82  0.78  0.22  0.30  0.13 -0.32  0.28 -0.61  1.11  1.09  1.03
 1991  8  1.42  1.27  1.48  1.43  1.26  1.54  1.41  1.28  1.44  1.77  1.78  1.77  1.23  1.10  1.35  1.25  0.98  1.30  0.80  0.78  0.81 -0.07  0.22 -0.20  1.48  1.41  1.56
 1991  9  1.78  1.70  1.81  1.75  1.56  1.87  1.81  2.00  1.77  2.01  2.15  1.97  1.58  1.41  1.74  1.73  1.88  1.70  0.70  0.78  0.61  0.79  1.47  0.47  1.57  1.61  2.48
 1991 10  1.83  1.76  1.86  1.71  1.59  1.78  1.95  2.15  1.91  2.11  2.19  2.09  1.44  1.41  1.47  1.92  2.20  1.87  0.22  0.27  0.16  1.21  3.35  0.20  1.79  1.46  1.73
 1991 11  1.57  1.58  1.57  1.05  1.09  1.03  2.09  2.70  1.97  1.29  1.42  1.25  0.89  0.96  0.83  2.56  3.80  2.34 -0.64 -0.52 -0.78  6.03  7.16  5.50  1.50  1.17  1.15
 1991 12  1.48  1.55  1.46  1.29  1.35  1.26  1.68  1.99  1.61  1.30  1.43  1.26  1.25  1.30  1.19  1.92  2.50  1.82 -1.20 -0.72 -1.76  2.20  2.80  1.92  1.07  1.09  2.98
 1992  1  1.35  1.83  1.16  1.51  2.14  1.10  1.19  1.13  1.20  1.11  1.26  1.07  1.68  2.30  1.13  1.26  1.27  1.26  2.08  3.07  0.94  0.73  0.79  0.70  2.16  2.66  2.22
 1992  2  1.27  1.23  1.29  1.31  1.29  1.31  1.24  1.11  1.27  1.30  1.49  1.24  1.30  1.24  1.36  1.22  0.82  1.29  1.31  1.07  1.57  0.13 -0.02  0.20  1.38  1.54  1.59
 1992  3  1.35  1.05  1.47  1.28  0.88  1.54  1.43  1.42  1.43  1.62  1.84  1.56  1.12  0.62  1.56  1.32  1.14  1.35  1.07 -0.04  2.36  0.37  0.05  0.52  1.65  1.87  1.95
 1992  4  1.25  1.33  1.23  1.38  1.43  1.35  1.13  1.09  1.14  1.03  1.12  1.01  1.55  1.51  1.60  1.19  1.11  1.20  2.24  1.68  2.89  0.60  0.14  0.81 -0.29 -0.41  1.74
 1992  5  1.15  1.20  1.13  1.12  1.14  1.11  1.17  1.34  1.13  0.98  1.03  0.96  1.17  1.14  1.20  1.30  1.65  1.24  0.87  0.80  0.96  1.15  1.98  0.76  0.76  0.76  1.25
 1992  6  1.11  1.02  1.14  0.86  0.91  0.83  1.35  1.25  1.37  0.76  0.82  0.75  0.92  0.93  0.92  1.65  1.59  1.66  0.26  0.33  0.19  1.26  2.18  0.83  1.03  0.89  1.05
 1992  7  1.21  0.94  1.32  0.85  0.76  0.90  1.58  1.35  1.63  1.24  1.25  1.24  0.66  0.64  0.68  1.74  1.39  1.80  0.08  0.03  0.13  1.23  1.44  1.14  0.96  0.74  1.27
 1992  8  1.21  0.98  1.30  0.89  0.72  1.00  1.53  1.57  1.53  1.50  1.56  1.48  0.64  0.54  0.73  1.48  1.46  1.49  0.20 -0.02  0.45  0.44  0.66  0.33  1.05  0.91  1.89
 1992  9  1.28  1.20  1.31  1.12  0.96  1.23  1.43  1.74  1.37  1.89  1.96  1.87  0.78  0.72  0.83  1.14  1.47  1.08  0.32  0.25  0.41  0.97  1.03  0.94  1.00  0.97  1.84
 1992 10  1.22  1.28  1.19  0.97  1.04  0.92  1.47  1.83  1.39  1.25  1.25  1.25  0.84  0.99  0.70  1.56  2.24  1.44  0.76  0.91  0.59  4.02  3.75  4.15  0.69  0.74  1.57
 1992 11  1.23  1.18  1.24  0.98  0.97  0.99  1.47  1.67  1.43  1.88  2.00  1.84  0.50  0.70  0.33  1.26  1.41  1.23  1.06  0.99  1.14  1.80  0.93  2.22  1.62  1.96  1.78
 1992 12  1.12  0.94  1.19  0.84  0.58  1.01  1.40  1.77  1.33  1.88  1.92  1.87  0.33  0.23  0.42  1.11  1.63  1.02 -0.50 -0.75 -0.21  0.56  1.51  0.11 -0.12 -0.38  2.13
 1993  1  1.03  0.47  1.25  0.36 -0.10  0.65  1.71  1.76  1.70  2.32  2.41  2.30 -0.66 -0.71 -0.61  1.37  1.12  1.41 -4.56 -3.98 -5.23  0.07  0.13  0.04  0.91  0.27  2.21
 1993  2  0.90  0.70  0.98  0.57  0.35  0.70  1.23  1.48  1.18  1.89  2.09  1.83 -0.13 -0.11 -0.15  0.88  1.04  0.85 -3.55 -2.51 -4.74  0.73  1.02  0.59  0.97  0.83  0.99
 1993  3  0.60  0.64  0.58  0.55  0.50  0.59  0.64  0.95  0.58  0.98  1.09  0.95  0.38  0.37  0.39  0.41  0.76  0.34  1.42  1.03  1.86  0.45  1.26  0.06  0.40  0.33  0.91
 1993  4  0.42  0.25  0.48  0.27  0.06  0.40  0.57  0.70  0.54  0.90  1.07  0.84 -0.03 -0.20  0.11  0.36  0.38  0.36  0.12 -0.23  0.52  0.24  0.48  0.13  0.56  0.56  0.13
 1993  5  0.28  0.15  0.33  0.23  0.06  0.34  0.33  0.35  0.32  0.63  0.63  0.62  0.03 -0.07  0.12  0.16  0.08  0.18 -0.65 -0.40 -0.94 -0.17 -0.65  0.05 -0.24 -0.28  0.85
 1993  6  0.20  0.06  0.25  0.11  0.07  0.14  0.29  0.04  0.34  0.43  0.51  0.40 -0.04 -0.03 -0.06  0.21 -0.36  0.31 -0.53 -0.35 -0.74 -0.10 -1.15  0.39  0.12  0.07  0.31
 1993  7  0.17  0.05  0.22  0.06 -0.09  0.15  0.28  0.35  0.27  0.45  0.49  0.44 -0.15 -0.23 -0.08  0.19  0.22  0.19 -0.68 -0.69 -0.67 -0.01 -0.04  0.01  0.15 -0.05  0.02
 1993  8  0.12 -0.06  0.20 -0.10 -0.12 -0.08  0.35  0.09  0.40  0.08  0.09  0.07 -0.19 -0.17 -0.21  0.49  0.06  0.57 -0.40 -0.36 -0.44  0.63  0.05  0.91 -0.15 -0.20 -0.04
 1993  9  0.15  0.01  0.20  0.15  0.11  0.18  0.15 -0.20  0.22  0.28  0.28  0.28  0.09  0.07  0.10  0.08 -0.61  0.20 -0.14 -0.10 -0.18 -1.64 -2.37 -1.30  0.31  0.11  0.02
 1993 10  0.15  0.13  0.15  0.35  0.39  0.33 -0.06 -0.47  0.03  0.16  0.21  0.14  0.45  0.43  0.46 -0.17 -0.97 -0.03  0.80  0.75  0.86 -2.39 -2.33 -2.42  0.40  0.40  0.50
 1993 11  0.04 -0.04  0.07 -0.02 -0.06 -0.00  0.10 -0.00  0.13 -0.44 -0.39 -0.46  0.19  0.04  0.33  0.39  0.26  0.42  0.63  0.45  0.83  0.50  0.91  0.31  0.32  0.32  0.18
 1993 12  0.02  0.12 -0.01  0.15  0.11  0.18 -0.10  0.15 -0.15 -0.45 -0.40 -0.46  0.44  0.23  0.63  0.10  0.62  0.01  2.61  2.19  3.10  1.72  2.15  1.51  1.78  2.51 -0.48
 1994  1  0.03  0.41 -0.12  0.24  0.66 -0.02 -0.18 -0.15 -0.19 -0.31 -0.36 -0.30  0.49  0.91  0.10 -0.07  0.06 -0.09  1.91  2.24  1.52  0.28  0.27  0.29  0.83  1.14  0.03
 1994  2  0.12  0.22  0.08  0.21  0.24  0.19  0.03  0.19 -0.00  0.20  0.22  0.19  0.17  0.23  0.13 -0.01  0.22 -0.05 -3.21 -2.71 -3.79  0.10  0.20  0.05 -0.44 -0.91  0.09
 1994  3  0.19  0.33  0.13  0.25  0.33  0.20  0.12  0.32  0.08  0.17  0.29  0.14  0.23  0.32  0.16  0.15  0.42  0.10 -1.69 -0.80 -2.72  0.41  0.40  0.42  1.49  2.01  0.55
 1994  4  0.19  0.14  0.21  0.36  0.19  0.47  0.02  0.04  0.01 -0.22 -0.13 -0.25  0.64  0.27  0.98  0.17  0.18  0.16  3.15  2.11  4.34  0.84  0.62  0.94 -1.29 -0.57  0.13
 1994  5  0.15  0.19  0.14 -0.02  0.12 -0.11  0.32  0.35  0.32 -0.22 -0.15 -0.25  0.08  0.18 -0.01  0.62  0.76  0.59  1.02  0.88  1.18  1.72  2.12  1.53 -0.50 -0.19 -0.28
 1994  6  0.13  0.12  0.14 -0.05 -0.11 -0.01  0.32  0.64  0.25 -0.16 -0.14 -0.16  0.04 -0.08  0.15  0.54  1.15  0.43  0.72  0.62  0.83  1.04  2.30  0.44 -0.49 -0.33  0.19
 1994  7  0.10  0.10  0.11  0.11  0.08  0.12  0.10  0.12  0.09  0.00  0.04 -0.01  0.19  0.11  0.26  0.12  0.13  0.12  0.29  0.19  0.41  0.26  0.14  0.31  0.63  0.55 -0.31
 1994  8  0.16  0.00  0.23  0.05 -0.07  0.13  0.28  0.18  0.30  0.11  0.09  0.11  0.05 -0.10  0.19  0.34  0.20  0.36 -0.08 -0.30  0.18  0.89  0.16  1.23  0.03 -0.24  0.27
 1994  9  0.11  0.02  0.15  0.12  0.19  0.08  0.11 -0.37  0.21  0.02  0.10 -0.00  0.20  0.22  0.19  0.12 -0.76  0.28 -0.08 -0.20  0.06 -1.21 -2.43 -0.63  0.92  0.80  0.75
 1994 10  0.05  0.07  0.04 -0.04  0.06 -0.10  0.13  0.11  0.14 -0.05  0.01 -0.07 -0.03  0.07 -0.11  0.22  0.19  0.23 -0.62 -0.62 -0.62 -0.88 -0.06 -1.28  0.59  0.50  0.84
 1994 11 -0.08  0.26 -0.21 -0.29 -0.10 -0.41  0.13  1.06 -0.06 -0.55 -0.57 -0.55 -0.15  0.03 -0.31  0.48  2.27  0.17  0.92  0.72  1.15  2.36  6.13  0.57 -0.50 -0.22  0.08
 1994 12  0.02 -0.10  0.07 -0.62 -0.61 -0.62  0.65  1.05  0.57  0.08  0.24  0.04 -0.96 -0.84 -1.06  0.93  1.68  0.79 -2.95 -3.15 -2.73  3.29  4.22  2.85 -0.64 -1.60 -0.26
 1995  1  0.14 -0.22  0.28 -0.37 -0.67 -0.17  0.65  0.81  0.61  0.40  0.57  0.36 -0.73 -0.98 -0.51  0.73  0.91  0.70 -1.45 -1.66 -1.20  0.97  1.20  0.87  1.68  1.97  0.99
 1995  2  0.09 -0.38  0.27 -0.09 -0.66  0.28  0.27  0.26  0.27  0.01  0.13 -0.02 -0.10 -0.84  0.55  0.36  0.27  0.38  1.05  0.01  2.26  0.64  0.66  0.64 -0.06 -0.13  0.06
 1995  3  0.08 -0.39  0.27 -0.41 -0.71 -0.22  0.58  0.33  0.63  0.65  0.68  0.64 -0.92 -1.07 -0.80  0.50  0.04  0.58 -2.83 -2.75 -2.91  0.02 -0.33  0.18 -0.60 -1.02  0.10
 1995  4 -0.07 -0.05 -0.07 -0.35 -0.19 -0.45  0.22  0.27  0.20 -0.16 -0.19 -0.15 -0.39 -0.17 -0.60  0.36  0.55  0.32 -0.42 -0.44 -0.40  0.60  0.85  0.48  0.08  0.01  0.35
 1995  5 -0.12 -0.26 -0.07 -0.32 -0.33 -0.31  0.08 -0.10  0.12  0.12  0.09  0.12 -0.53 -0.43 -0.61  0.04 -0.28  0.10 -0.83 -0.83 -0.83  0.49 -0.06  0.75 -0.06 -0.30 -0.18
 1995  6 -0.14 -0.26 -0.09 -0.23 -0.35 -0.15 -0.05 -0.06 -0.04  0.11  0.15  0.10 -0.40 -0.46 -0.34 -0.14 -0.25 -0.12 -0.65 -0.67 -0.64 -0.15 -0.41 -0.03  0.12  0.03 -0.09
 1995  7 -0.16 -0.19 -0.14 -0.15 -0.29 -0.06 -0.16  0.05 -0.21  0.24  0.17  0.26 -0.37 -0.42 -0.33 -0.36 -0.04 -0.42 -0.46 -0.34 -0.59 -0.25  0.02 -0.38 -0.02 -0.16  0.34
 1995  8 -0.12 -0.29 -0.05 -0.20 -0.32 -0.12 -0.04 -0.21  0.00  0.01  0.02  0.00 -0.36 -0.43 -0.29 -0.01 -0.31  0.04 -0.47 -0.40 -0.56  0.10  0.11  0.09 -1.43 -1.22 -0.92
 1995  9 -0.08 -0.11 -0.07 -0.15 -0.06 -0.20 -0.01 -0.24  0.03 -0.20 -0.21 -0.19 -0.16 -0.04 -0.27  0.12 -0.20  0.18  0.01 -0.04  0.07  0.10  0.17  0.06 -0.29 -0.45 -0.28
 1995 10 -0.00 -0.19  0.07  0.21  0.06  0.30 -0.21 -0.75 -0.10  0.38  0.38  0.38  0.08 -0.03  0.18 -0.48 -1.55 -0.29 -0.36 -0.57 -0.12 -2.89 -4.22 -2.26  0.46  0.20 -0.13
 1995 11 -0.01  0.02 -0.03  0.28  0.24  0.31 -0.31 -0.48 -0.28  0.06 -0.05  0.09  0.40  0.32  0.47 -0.50 -0.82 -0.45 -0.28  0.06 -0.67 -2.23 -1.73 -2.46  0.59  0.81  0.02
 1995 12 -0.08 -0.35  0.03 -0.26 -0.44 -0.14  0.10 -0.13  0.15  0.31  0.38  0.29 -0.57 -0.70 -0.45 -0.01 -0.41  0.07 -3.46 -3.69 -3.19 -0.17 -0.93  0.19 -1.24 -2.19 -0.32
 1996  1 -0.12 -0.49  0.02 -0.22 -0.81  0.16 -0.02  0.23 -0.08  0.34  0.33  0.35 -0.52 -1.11  0.01 -0.21  0.15 -0.28 -5.33 -4.56 -6.21  0.09  0.15  0.06  0.62  0.40  0.40
 1996  2 -0.05  0.29 -0.18 -0.03  0.38 -0.30 -0.07  0.10 -0.10  0.23  0.19  0.24 -0.22  0.41 -0.78 -0.18  0.09 -0.23 -5.58 -3.99 -7.40 -0.22 -0.23 -0.22  1.69  1.81  0.67
 1996  3 -0.10  0.43 -0.31  0.29  0.82 -0.05 -0.50 -0.48 -0.51 -0.59 -0.57 -0.59  0.71  1.18  0.30 -0.41 -0.36 -0.42  0.02  1.05 -1.17 -0.42 -0.42 -0.42  1.53  1.56 -0.35
 1996  4 -0.17  0.11 -0.27  0.10  0.43 -0.11 -0.44 -0.64 -0.39 -0.55 -0.60 -0.53  0.44  0.70  0.21 -0.37 -0.64 -0.32  1.58  1.69  1.44 -0.74 -0.78 -0.73  0.30  0.51 -0.95
 1996  5 -0.14 -0.26 -0.09 -0.19 -0.16 -0.22 -0.09 -0.48 -0.00 -0.47 -0.51 -0.45 -0.01 -0.05  0.03  0.07 -0.52  0.17  0.32  0.24  0.41 -0.38 -1.31  0.05 -0.63 -0.61  0.01
 1996  6 -0.20 -0.47 -0.10 -0.54 -0.59 -0.51  0.13 -0.21  0.21 -0.79 -0.88 -0.76 -0.37 -0.49 -0.26  0.58  0.25  0.64 -0.00 -0.12  0.14 -0.55 -0.05 -0.79 -0.76 -0.64  0.67
 1996  7 -0.22 -0.58 -0.08 -0.82 -0.78 -0.85  0.37 -0.13  0.48 -1.08 -1.07 -1.08 -0.63 -0.68 -0.59  1.08  0.49  1.19 -0.20 -0.41  0.04  0.37  0.33  0.39 -0.77 -0.71  0.20
 1996  8 -0.22 -0.62 -0.07 -0.76 -0.65 -0.83  0.31 -0.55  0.50 -1.16 -1.21 -1.14 -0.54 -0.51 -0.56  1.08 -0.04  1.28  0.05  0.22 -0.16  1.27  0.62  1.57 -0.60 -0.54 -0.67
 1996  9 -0.28 -0.11 -0.34 -0.36 -0.10 -0.53 -0.20 -0.12 -0.21 -0.86 -0.83 -0.86 -0.06  0.11 -0.21  0.12  0.39  0.07 -0.55 -0.15 -1.00  0.80  1.18  0.61  0.62  0.50 -0.53
 1996 10 -0.12 -0.27 -0.06  0.15 -0.01  0.25 -0.39 -0.88 -0.29  0.29  0.31  0.28  0.11 -0.08  0.29 -0.78 -1.79 -0.61 -0.32 -0.42 -0.20 -2.40 -4.76 -1.29  0.45  0.43 -0.44
 1996 11 -0.04 -0.08 -0.03  0.18  0.33  0.09 -0.26 -1.01 -0.11  0.45  0.49  0.43  0.06  0.29 -0.14 -0.66 -2.16 -0.40  2.10  2.17  2.03 -4.53 -6.09 -3.79 -0.97 -0.58  0.79
 1996 12 -0.13 -0.04 -0.16  0.06  0.05  0.06 -0.31 -0.25 -0.32 -0.08 -0.07 -0.08  0.11  0.06  0.15 -0.40 -0.31 -0.42  3.34  2.59  4.20 -0.98 -0.40 -1.25 -1.16 -1.03 -0.17
 1997  1 -0.11 -0.00 -0.16 -0.00 -0.04  0.02 -0.23  0.06 -0.29 -0.13 -0.06 -0.15  0.02 -0.05  0.08 -0.24  0.22 -0.32 -2.03 -1.48 -2.65  0.85  1.09  0.74 -0.77 -0.96 -0.04
 1997  2 -0.00 -0.13  0.05 -0.36 -0.35 -0.37  0.36  0.36  0.35  0.97  1.00  0.96 -1.07 -0.73 -1.37  0.03 -0.06  0.05 -6.69 -5.42 -8.15  0.38  0.46  0.34 -0.18 -0.54 -1.15
 1997  3  0.15 -0.23  0.31 -0.32 -0.61 -0.13  0.62  0.62  0.62  1.02  0.97  1.03 -1.05 -1.07 -1.03  0.45  0.49  0.44 -8.57 -7.48 -9.81  0.83  0.86  0.82  0.15 -0.34  0.41
 1997  4  0.11 -0.01  0.15 -0.15 -0.25 -0.09  0.37  0.54  0.33  0.61  0.67  0.59 -0.56 -0.52 -0.59  0.24  0.49  0.20 -5.39 -4.89 -5.95  1.14  0.96  1.23  2.02  1.55  0.39
 1997  5 -0.07  0.10 -0.14  0.06  0.11  0.02 -0.19  0.09 -0.25 -0.06  0.14 -0.12  0.12  0.12  0.13 -0.27  0.00 -0.32  1.53  1.40  1.68  0.80  0.85  0.78 -0.02  0.30 -0.75
 1997  6 -0.10  0.19 -0.22  0.06  0.19 -0.02 -0.27  0.20 -0.36  0.05  0.24 -0.01  0.07  0.20 -0.04 -0.44  0.09 -0.53  0.85  0.86  0.83  0.39  0.38  0.40 -0.33 -0.16  0.04
 1997  7 -0.01  0.15 -0.08  0.22  0.22  0.23 -0.25 -0.01 -0.30  0.29  0.33  0.27  0.15  0.18  0.12 -0.49 -0.23 -0.53  0.37  0.53  0.18 -0.02  0.50 -0.27  0.18  0.22 -0.10
 1997  8  0.06  0.03  0.07 -0.12 -0.09 -0.13  0.23  0.31  0.22 -0.15 -0.02 -0.19 -0.15 -0.11 -0.19  0.48  0.56  0.47  0.15  0.12  0.19  2.05  2.14  2.01 -0.19 -0.29 -1.04
 1997  9 -0.02 -0.04 -0.01  0.04  0.11 -0.01 -0.08 -0.39 -0.02 -0.20 -0.18 -0.20  0.09  0.15  0.03  0.05 -0.43  0.13  0.03  0.02  0.04  0.35 -0.47  0.74 -0.78 -0.66 -0.46
 1997 10 -0.11  0.02 -0.16  0.40  0.49  0.34 -0.62 -1.06 -0.53  0.17  0.14  0.18  0.48  0.55  0.41 -1.00 -1.87 -0.85 -0.50 -0.35 -0.67 -3.65 -4.41 -3.29  0.81  0.69  0.10
 1997 11 -0.12  0.02 -0.18  0.16  0.16  0.15 -0.40 -0.29 -0.43 -0.45 -0.49 -0.44  0.42  0.32  0.50 -0.32 -0.09 -0.36 -0.49 -0.23 -0.78 -0.48  0.82 -1.10  0.94  0.88  0.17
 1997 12 -0.24  0.40 -0.49  0.23  0.88 -0.18 -0.71 -0.69 -0.71 -1.20 -1.08 -1.24  0.96  1.39  0.59 -0.43 -0.37 -0.44  3.57  4.07  3.00 -0.15  0.26 -0.34  0.91  1.81 -0.99
 1998  1 -0.29  0.25 -0.50 -0.00  0.67 -0.44 -0.58 -0.69 -0.55 -1.19 -1.12 -1.22  0.60  1.13  0.12 -0.23 -0.33 -0.21  3.15  3.15  3.14 -0.26 -0.19 -0.29  0.01  0.21 -0.57
 1998  2 -0.08  0.18 -0.18  0.16  0.44 -0.02 -0.32 -0.43 -0.30 -0.80 -0.79 -0.80  0.60  0.73  0.49 -0.01 -0.03 -0.00  0.70  1.25  0.07 -0.08  0.04 -0.14  1.68  1.62  0.34
 1998  3 -0.03  0.24 -0.14  0.08  0.39 -0.12 -0.15 -0.11 -0.16 -0.72 -0.59 -0.76  0.48  0.64  0.33  0.17  0.28  0.16  0.04  0.49 -0.47  0.14  0.09  0.16  0.75  0.96  0.50
 1998  4  0.05  0.33 -0.07  0.17  0.47 -0.03 -0.07  0.03 -0.09 -0.53 -0.55 -0.53  0.53  0.75  0.33  0.18  0.43  0.13  1.93  1.36  2.60 -0.01  0.25 -0.13  1.31  1.13  0.58
 1998  5  0.08  0.11  0.07  0.13  0.17  0.10  0.04 -0.03  0.06 -0.46 -0.51 -0.44  0.41  0.36  0.45  0.32  0.30  0.33  0.27  0.24  0.30 -0.35  0.39 -0.70  0.75  0.71 -0.05
 1998  6  0.03  0.05  0.03 -0.21 -0.12 -0.27  0.27  0.42  0.24 -0.53 -0.61 -0.50 -0.01  0.03 -0.04  0.66  1.16  0.58  0.00 -0.12  0.15  1.01  2.48  0.31  0.50  0.43  0.77
 1998  7  0.09 -0.03  0.13 -0.06 -0.10 -0.03  0.23  0.14  0.25 -0.08 -0.18 -0.05 -0.00 -0.06  0.05  0.35  0.33  0.36  0.10  0.04  0.17  0.11  0.05  0.14 -0.29 -0.18  0.88
 1998  8  0.03  0.20 -0.04  0.38  0.30  0.43 -0.32 -0.03 -0.39  0.42  0.34  0.44  0.40  0.30  0.48 -0.75 -0.35 -0.82  0.39  0.31  0.48 -1.59 -1.32 -1.71  0.14  0.33  0.35
 1998  9  0.03  0.27 -0.06  0.49  0.42  0.53 -0.42 -0.08 -0.49  0.81  0.77  0.83  0.37  0.36  0.37 -1.12 -0.78 -1.18  0.72  0.86  0.55 -3.46 -3.07 -3.65 -0.48 -0.17  0.71
 1998 10 -0.01 -0.21  0.06  0.31 -0.02  0.52 -0.33 -0.62 -0.27  0.84  0.75  0.87  0.09 -0.20  0.34 -1.01 -1.75 -0.88  0.38  0.34  0.43 -4.61 -5.06 -4.40 -0.04  0.05  0.46
 1998 11  0.02 -0.21  0.11  0.24  0.13  0.32 -0.20 -0.98 -0.04  0.78  0.65  0.82 -0.01  0.02 -0.03 -0.74 -2.27 -0.48 -0.06  0.55 -0.77 -3.88 -6.23 -2.77 -1.01 -0.90  0.10
 1998 12 -0.11 -0.16 -0.08  0.36  0.11  0.53 -0.58 -0.78 -0.53  0.23  0.16  0.25  0.47  0.11  0.79 -1.03 -1.55 -0.94  5.82  4.56  7.27 -2.65 -3.64 -2.19 -1.73 -0.99 -0.37
 1999  1 -0.20 -0.47 -0.09 -0.42 -0.72 -0.22  0.02  0.10 -0.00  0.56  0.47  0.59 -0.89 -1.01 -0.78 -0.31 -0.25 -0.33  1.54  0.85  2.33 -0.35 -0.74 -0.16 -2.03 -2.17 -0.56
 1999  2 -0.19 -0.45 -0.09 -0.26 -0.65 -0.01 -0.12  0.00 -0.14  0.43  0.27  0.48 -0.63 -0.88 -0.40 -0.40 -0.22 -0.43 -1.23 -1.39 -1.05 -0.35 -0.36 -0.35  0.50  0.89 -0.07
 1999  3 -0.41 -0.23 -0.48 -0.20 -0.02 -0.32 -0.61 -0.71 -0.59 -0.45 -0.63 -0.40 -0.09  0.17 -0.31 -0.69 -0.85 -0.66  5.29  4.80  5.85 -0.21 -0.20 -0.21 -1.56 -1.05 -1.03
 1999  4 -0.30 -0.48 -0.23 -0.56 -0.74 -0.44 -0.04  0.12 -0.08  0.31  0.18  0.35 -1.04 -0.98 -1.10 -0.21  0.05 -0.25 -0.53 -0.34 -0.75  0.64  0.64  0.63 -1.12 -1.23 -0.22
 1999  5 -0.02 -0.26  0.08 -0.18 -0.50  0.03  0.14  0.28  0.11  0.78  0.72  0.79 -0.74 -0.83 -0.66 -0.14 -0.03 -0.15 -1.35 -1.14 -1.59  1.32  0.59  1.67 -0.56 -0.61 -0.63
 1999  6  0.16  0.07  0.20  0.19 -0.01  0.31  0.14  0.26  0.11  1.02  0.99  1.03 -0.31 -0.29 -0.33 -0.26 -0.23 -0.27 -0.71 -0.58 -0.86 -0.52 -0.65 -0.46 -0.02 -0.18  0.08
 1999  7  0.19  0.21  0.19  0.47  0.29  0.58 -0.08  0.03 -0.11  1.15  1.06  1.18  0.05  0.06  0.05 -0.68 -0.66 -0.68 -0.04  0.05 -0.15 -1.16 -1.15 -1.16 -0.23 -0.27 -0.40
 1999  8  0.16  0.22  0.14  0.46  0.34  0.53 -0.13 -0.05 -0.15  0.94  0.86  0.97  0.15  0.18  0.12 -0.64 -0.66 -0.64  0.26  0.50 -0.02 -1.29 -1.28 -1.29 -0.21 -0.20 -0.26
 1999  9  0.10  0.10  0.10  0.38  0.18  0.52 -0.18 -0.09 -0.20  0.95  0.86  0.98  0.05  0.00  0.10 -0.75 -0.81 -0.74 -0.01  0.02 -0.05 -2.60 -2.48 -2.66  0.47  0.58 -0.14
 1999 10  0.04 -0.11  0.10  0.37  0.09  0.54 -0.28 -0.55 -0.23  0.93  0.83  0.96  0.06 -0.10  0.21 -0.91 -1.62 -0.79  0.27  0.10  0.47 -4.34 -4.31 -4.35 -0.45 -0.38  0.55
 1999 11  0.04 -0.23  0.15  0.23  0.09  0.31 -0.15 -0.95  0.02  0.86  0.76  0.89 -0.11 -0.08 -0.14 -0.67 -2.24 -0.39 -0.58 -0.43 -0.76 -4.51 -6.86 -3.40 -0.96 -0.61  1.06
 1999 12 -0.00 -0.25  0.09  0.05 -0.20  0.21 -0.05 -0.38  0.01  0.76  0.56  0.81 -0.34 -0.41 -0.28 -0.46 -1.04 -0.36 -1.65 -1.49 -1.83 -1.70 -2.90 -1.14  0.69  0.76  0.32
 2000  1  0.09 -0.10  0.16 -0.08 -0.31  0.08  0.25  0.39  0.23  1.00  0.85  1.04 -0.69 -0.63 -0.75 -0.09  0.06 -0.11 -5.81 -4.65 -7.14 -0.12 -0.24 -0.07 -0.27 -1.19  0.72
 2000  2  0.14  0.08  0.16  0.21 -0.01  0.35  0.07  0.28  0.03  1.07  1.00  1.09 -0.31 -0.30 -0.33 -0.39 -0.18 -0.42 -4.70 -3.61 -5.94 -0.06  0.23 -0.20  0.45  0.28 -1.05
 2000  3  0.06  0.28 -0.02  0.38  0.42  0.35 -0.26 -0.04 -0.30  0.66  0.58  0.69  0.19  0.37  0.03 -0.70 -0.49 -0.74 -0.07  0.41 -0.63 -0.33 -0.30 -0.34 -0.54 -0.60 -1.03
 2000  4 -0.01 -0.20  0.07  0.11 -0.23  0.33 -0.12 -0.15 -0.12  0.56  0.43  0.60 -0.15 -0.40  0.06 -0.46 -0.59 -0.44  0.36  0.06  0.70 -0.22 -0.63 -0.03 -0.67 -0.55 -0.78
 2000  5  0.02 -0.11  0.07  0.10 -0.20  0.29 -0.06  0.09 -0.10  0.78  0.64  0.82 -0.25 -0.42 -0.09 -0.52 -0.32 -0.56 -0.15 -0.30  0.02 -0.91 -1.22 -0.77 -0.85 -0.61 -0.15
 2000  6  0.01 -0.07  0.05  0.03 -0.23  0.19 -0.00  0.28 -0.06  0.77  0.70  0.79 -0.37 -0.47 -0.28 -0.41 -0.05 -0.47 -0.21 -0.35 -0.05 -1.22 -1.30 -1.18 -0.71 -0.65  1.00
 2000  7 -0.09  0.04 -0.15  0.03 -0.11  0.12 -0.22  0.38 -0.34  0.43  0.43  0.43 -0.15 -0.23 -0.08 -0.59  0.29 -0.74 -0.49 -0.46 -0.52 -1.12 -0.20 -1.55  0.08  0.04  0.79
 2000  8 -0.18 -0.15 -0.19 -0.18 -0.26 -0.13 -0.18  0.08 -0.23 -0.01  0.00 -0.01 -0.24 -0.31 -0.18 -0.30  0.09 -0.37 -0.33 -0.19 -0.50 -1.18 -0.95 -1.29 -0.33 -0.33  0.82
 2000  9 -0.25 -0.31 -0.22 -0.37 -0.33 -0.39 -0.13 -0.26 -0.10 -0.42 -0.45 -0.41 -0.33 -0.30 -0.37  0.02 -0.12  0.04 -0.43 -0.41 -0.46 -1.00 -0.49 -1.24 -0.66 -0.67 -0.10
 2000 10 -0.34 -0.29 -0.36 -0.72 -0.65 -0.76  0.04  0.53 -0.06 -1.24 -1.19 -1.26 -0.44 -0.52 -0.37  0.72  1.87  0.52 -0.60 -0.65 -0.55  4.15  6.05  3.24 -0.09 -0.03 -0.67
 2000 11 -0.45 -0.05 -0.60 -0.70 -0.21 -1.02 -0.19  0.31 -0.29 -1.79 -1.69 -1.82 -0.15  0.15 -0.42  0.67  1.87  0.46  2.18  1.84  2.57  5.28  5.74  5.07  0.17  0.77 -1.41
 2000 12 -0.33 -0.00 -0.46 -0.16  0.23 -0.41 -0.50 -0.54 -0.49 -1.43 -1.45 -1.42  0.51  0.65  0.38 -0.02  0.24 -0.06  4.42  3.93  4.98  1.80  2.41  1.51 -0.71 -0.97 -1.87
 2001  1 -0.15 -0.51 -0.01 -0.45 -0.76 -0.25  0.15  0.06  0.17 -0.00 -0.03  0.01 -0.69 -0.94 -0.46  0.23  0.07  0.26 -1.27 -1.01 -1.58  0.02 -0.05  0.05 -0.19 -0.06 -0.15
 2001  2 -0.24 -0.07 -0.30  0.24  0.37  0.15 -0.71 -1.07 -0.64 -0.92 -0.99 -0.89  0.81  0.70  0.90 -0.56 -1.04 -0.48  6.58  5.34  8.01 -0.35 -0.65 -0.22  0.34  0.72 -1.82
 2001  3 -0.17 -0.20 -0.17 -0.03 -0.06 -0.01 -0.32 -0.50 -0.28 -0.61 -0.60 -0.62  0.23  0.06  0.38 -0.12 -0.36 -0.08  2.15  1.43  2.99 -0.09 -0.21 -0.03 -0.21 -0.67 -0.62
 2001  4 -0.01 -0.01 -0.00 -0.03 -0.05 -0.02  0.02  0.09  0.01  0.08  0.12  0.07 -0.12 -0.10 -0.13  0.01  0.06  0.01 -1.80 -1.63 -2.00 -0.09 -0.19 -0.04  0.25 -0.16  0.38
 2001  5  0.17  0.15  0.18  0.13  0.06  0.18  0.22  0.37  0.18  0.15  0.07  0.18  0.12  0.05  0.18  0.25  0.61  0.19 -0.81 -0.48 -1.19  0.21  0.92 -0.13  0.48  0.63  0.58
 2001  6  0.17  0.10  0.19  0.04 -0.03  0.09  0.29  0.41  0.27  0.04  0.03  0.04  0.03 -0.05  0.11  0.44  0.70  0.39 -0.38 -0.34 -0.43  1.62  2.25  1.33  0.33  0.16 -0.25
 2001  7  0.15  0.28  0.10  0.30  0.27  0.31  0.00  0.29 -0.05  0.26  0.25  0.27  0.34  0.29  0.39 -0.16  0.27 -0.24  0.10  0.01  0.20 -0.09 -0.06 -0.10  0.34  0.33  0.39
 2001  8  0.12  0.47 -0.02  0.52  0.54  0.52 -0.28  0.33 -0.41  0.54  0.57  0.53  0.56  0.54  0.58 -0.77  0.11 -0.92  0.30  0.16  0.47 -0.72 -0.12 -1.00  0.44  0.36  0.56
 2001  9  0.15  0.29  0.10  0.36  0.43  0.31 -0.06 -0.02 -0.06  0.49  0.45  0.50  0.34  0.44  0.24 -0.39 -0.42 -0.39  0.51  0.63  0.37 -2.35 -2.91 -2.09  0.30  0.51  1.43
 2001 10  0.09  0.17  0.06  0.30  0.27  0.31 -0.12 -0.08 -0.12  0.47  0.54  0.45  0.26  0.23  0.29 -0.49 -0.64 -0.46 -0.01  0.02 -0.05 -2.83 -3.39 -2.57  0.67  0.59  1.64
 2001 11  0.16 -0.30  0.34  0.21 -0.03  0.36  0.11 -0.91  0.32  0.83  0.78  0.85 -0.09 -0.25  0.06 -0.31 -2.21  0.03 -0.28 -0.31 -0.25 -3.40 -6.86 -1.75  0.19  0.21  0.85
 2001 12  0.26  0.67  0.09  0.62  1.09  0.33 -0.11 -0.28 -0.08  0.27  0.23  0.28  0.85  1.29  0.45 -0.34 -0.58 -0.30  3.07  3.19  2.94 -1.87 -2.34 -1.65  0.21  0.95  0.64
 2002  1  0.11  0.32  0.02  0.20  0.39  0.08  0.02  0.17 -0.01 -0.00 -0.02  0.00  0.34  0.51  0.20 -0.01  0.28 -0.06  5.25  4.74  5.84 -0.20 -0.11 -0.24 -1.25 -0.76  0.74
 2002  2  0.08 -0.48  0.30 -0.18 -0.89  0.27  0.34  0.44  0.32  0.55  0.40  0.60 -0.55 -1.22  0.04  0.22  0.45  0.18  2.04  0.58  3.72  0.18  0.47  0.04 -0.85 -0.61  0.12
 2002  3  0.10 -0.05  0.17  0.00 -0.14  0.09  0.21  0.15  0.22  0.31  0.37  0.29 -0.18 -0.27 -0.09  0.17 -0.03  0.21  0.70  0.23  1.24 -0.29 -0.19 -0.33 -0.82 -1.13  0.54
 2002  4  0.16  0.14  0.17  0.14  0.13  0.15  0.18  0.16  0.19  0.52  0.42  0.55 -0.08  0.05 -0.20  0.04 -0.03  0.05 -0.79 -0.80 -0.77  0.56  0.28  0.69 -0.46 -0.76 -0.06
 2002  5  0.20  0.14  0.22  0.10  0.08  0.11  0.30  0.27  0.30  0.25  0.37  0.22 -0.04 -0.01 -0.06  0.37  0.24  0.39 -1.03 -0.94 -1.13  0.50  1.20  0.16  0.78  0.45 -0.82
 2002  6  0.19 -0.04  0.28 -0.08 -0.12 -0.05  0.46  0.14  0.52 -0.05 -0.01 -0.06 -0.15 -0.18 -0.13  0.78  0.35  0.86 -0.26 -0.32 -0.20  1.44  2.06  1.14 -0.20 -0.18 -1.52
 2002  7  0.19 -0.19  0.35 -0.35 -0.29 -0.39  0.74  0.04  0.89 -0.74 -0.60 -0.79 -0.18 -0.21 -0.15  1.56  0.50  1.74  0.04 -0.10  0.20  2.77  1.75  3.26 -0.22 -0.16 -1.92
 2002  8  0.13 -0.06  0.21 -0.37 -0.21 -0.47  0.63  0.26  0.70 -0.96 -0.88 -0.98 -0.12 -0.04 -0.18  1.52  1.16  1.59 -0.21 -0.13 -0.31  4.96  4.23  5.31  0.14  0.20 -0.86
 2002  9  0.02  0.33 -0.11 -0.55 -0.30 -0.71  0.58  1.76  0.34 -1.43 -1.31 -1.46 -0.17 -0.06 -0.26  1.72  4.14  1.29 -0.01  0.16 -0.20  9.59 11.72  8.58 -0.42 -0.34 -1.49
 2002 10 -0.00  0.41 -0.16 -0.32 -0.03 -0.51  0.32  1.40  0.09 -1.25 -1.15 -1.29  0.08  0.23 -0.05  1.23  3.43  0.85 -0.84 -0.65 -1.05  8.57 10.96  7.44  0.38 -0.08 -2.24
 2002 11  0.03  0.48 -0.15  0.02 -0.07  0.08  0.04  1.71 -0.32 -0.52 -0.41 -0.56  0.26 -0.00  0.49  0.38  3.37 -0.15 -1.20 -1.03 -1.41  5.97  9.77  4.18  0.84  0.71 -1.45
 2002 12  0.17  0.79 -0.08  0.48  1.04  0.12 -0.14  0.24 -0.22 -0.52 -0.41 -0.56  0.99  1.40  0.62  0.08  0.79 -0.05 -0.11  1.17 -1.57  0.75  1.60  0.34  0.58  0.97  0.63
 2003  1  0.18  0.45  0.08  0.50  0.87  0.26 -0.14 -0.51 -0.06 -0.54 -0.49 -0.55  1.03  1.20  0.88  0.09 -0.41  0.18  3.24  3.20  3.28 -0.89 -1.10 -0.79 -1.11 -0.37  0.04
 2003  2  0.16  0.45  0.04  0.36  0.77  0.10 -0.05 -0.28  0.00 -0.38 -0.26 -0.42  0.75  1.05  0.48  0.13 -0.33  0.22  1.20  1.20  1.19 -0.23 -0.93  0.10  0.84  0.91  0.24
 2003  3  0.12  0.28  0.05  0.24  0.41  0.13 -0.00 -0.01 -0.00 -0.25 -0.16 -0.27  0.49  0.55  0.44  0.12  0.12  0.12  1.08  1.01  1.16 -0.01  0.04 -0.03  0.74  1.23  0.55
 2003  4  0.13  0.17  0.11  0.16  0.29  0.08  0.10 -0.09  0.14 -0.33 -0.28 -0.35  0.40  0.43  0.38  0.34  0.08  0.39  1.38  1.43  1.33 -0.04 -0.27  0.07  0.41  0.69  0.46
 2003  5  0.13  0.18  0.11  0.18  0.30  0.10  0.08 -0.09  0.11  0.14  0.19  0.12  0.20  0.33  0.09  0.05 -0.30  0.11  1.03  0.84  1.25 -0.19 -0.89  0.14  0.01  0.16 -0.35
 2003  6  0.15  0.29  0.09  0.32  0.43  0.26 -0.02 -0.02 -0.02  0.35  0.39  0.34  0.31  0.43  0.20 -0.22 -0.30 -0.20  0.44  0.47  0.40 -0.98 -0.96 -0.99  0.61  0.56  0.29
 2003  7  0.05  0.13  0.02  0.25  0.23  0.26 -0.16 -0.12 -0.16  0.14  0.16  0.13  0.32  0.25  0.37 -0.32 -0.33 -0.32  0.10 -0.07  0.30 -0.44 -0.84 -0.25  0.11  0.07  0.12
 2003  8 -0.00  0.17 -0.07  0.25  0.21  0.28 -0.25  0.10 -0.32  0.21  0.25  0.20  0.29  0.21  0.37 -0.52 -0.06 -0.60 -0.02 -0.03 -0.00 -1.21 -1.20 -1.21  0.04  0.20  0.82
 2003  9 -0.09 -0.07 -0.09  0.02  0.04  0.01 -0.20 -0.32 -0.17  0.04  0.10  0.03  0.03  0.02  0.03 -0.34 -0.63 -0.29  0.07 -0.04  0.20 -2.01 -1.78 -2.11  0.50  0.51 -0.12
 2003 10 -0.14 -0.15 -0.14 -0.38 -0.20 -0.50  0.10 -0.03  0.12 -0.76 -0.68 -0.78 -0.17 -0.07 -0.27  0.53  0.46  0.55  0.74  0.54  0.98  2.08  0.95  2.61 -0.90 -0.69  0.57
 2003 11 -0.08  0.29 -0.22 -0.31  0.13 -0.59  0.15  0.65  0.05 -0.75 -0.67 -0.77 -0.08  0.33 -0.45  0.63  1.67  0.45 -0.78 -0.51 -1.09  3.76  4.53  3.39  0.57  0.32 -0.59
 2003 12 -0.07  0.26 -0.20  0.03  0.43 -0.22 -0.17 -0.13 -0.18 -0.46 -0.40 -0.47  0.28  0.63 -0.03 -0.01  0.12 -0.04  2.60  2.43  2.80  0.41  0.54  0.35  0.72  1.05 -0.66
 2004  1 -0.24 -0.05 -0.32 -0.08  0.16 -0.24 -0.40 -0.53 -0.37 -1.06 -1.00 -1.08  0.46  0.45  0.46 -0.08 -0.15 -0.06  6.61  5.02  8.45 -0.17 -0.42 -0.06 -1.80 -1.64  0.11
 2004  2 -0.27 -0.57 -0.14 -0.61 -0.72 -0.54  0.08 -0.25  0.15 -0.34 -0.26 -0.37 -0.70 -0.83 -0.58  0.25 -0.26  0.34  1.99  1.19  2.91 -0.43 -0.69 -0.31 -1.59 -1.69 -0.81
 2004  3 -0.14 -0.32 -0.07 -0.38 -0.41 -0.36  0.10 -0.10  0.14 -0.11 -0.25 -0.06 -0.51 -0.45 -0.56  0.20 -0.01  0.23 -0.92 -0.37 -1.56  0.22  0.19  0.23 -0.77 -0.76 -0.54
 2004  4  0.05  0.09  0.03 -0.09  0.01 -0.15  0.18  0.29  0.16  0.28  0.27  0.28 -0.31 -0.07 -0.53  0.16  0.34  0.13 -2.71 -1.58 -4.01  1.25  1.33  1.21  0.30  0.09 -0.08
 2004  5  0.04  0.15 -0.00  0.06  0.06  0.06  0.02  0.36 -0.05  0.17  0.13  0.18 -0.03  0.04 -0.09 -0.02  0.55 -0.13  0.26  0.14  0.39  1.85  2.05  1.75 -0.16 -0.44 -0.46
 2004  6  0.14  0.31  0.07  0.42  0.45  0.40 -0.14 -0.01 -0.17  0.53  0.68  0.49  0.29  0.38  0.21 -0.43 -0.49 -0.42  0.21  0.24  0.17  1.00  0.39  1.29  0.57  0.29 -2.07
 2004  7  0.16  0.42  0.06  0.39  0.45  0.35 -0.07  0.33 -0.16  0.48  0.55  0.46  0.29  0.42  0.19 -0.32  0.21 -0.41  0.23  0.25  0.21  1.26  1.09  1.35  0.55  0.38  0.04
 2004  8  0.06  0.14  0.03 -0.02  0.13 -0.12  0.15  0.19  0.14 -0.16 -0.17 -0.16  0.03  0.19 -0.12  0.34  0.49  0.31 -0.10  0.02 -0.23  1.16  2.08  0.72  0.93  0.52 -0.46
 2004  9  0.07 -0.01  0.11 -0.01 -0.02 -0.01  0.16  0.02  0.19  0.00  0.01  0.00 -0.08 -0.05 -0.11  0.30  0.09  0.34 -0.04  0.08 -0.17  1.59  1.38  1.69  0.01  0.07 -0.41
 2004 10 -0.03  0.29 -0.15 -0.13  0.14 -0.30  0.07  0.64 -0.05 -0.48 -0.41 -0.50 -0.01  0.25 -0.25  0.43  1.52  0.24  0.33  0.57  0.04  4.19  4.58  4.01  0.36  0.47 -1.07
 2004 11 -0.01  0.31 -0.13  0.15  0.37  0.02 -0.17  0.19 -0.24 -0.12 -0.07 -0.13  0.27  0.48  0.08 -0.16  0.40 -0.26  1.54  1.49  1.59  0.53  1.26  0.19 -0.08  0.06 -0.10
 2004 12  0.01 -0.01  0.02 -0.11 -0.22 -0.03  0.12  0.48  0.05  0.25  0.32  0.24 -0.34 -0.37 -0.31  0.10  0.62  0.01 -2.65 -2.64 -2.67  0.42  1.05  0.12 -0.31 -1.06  0.60
 2005  1  0.07 -0.12  0.15 -0.05 -0.24  0.07  0.19  0.16  0.20  0.52  0.56  0.51 -0.41 -0.49 -0.33  0.07 -0.02  0.09 -6.22 -5.14 -7.47 -0.15 -0.21 -0.13 -1.02 -2.45  0.28
 2005  2  0.15  0.22  0.12  0.16  0.23  0.12  0.14  0.19  0.12  0.07  0.07  0.07  0.19  0.26  0.13  0.20  0.31  0.18 -4.87 -3.34 -6.64  0.12 -0.00  0.18  0.07  0.31  1.00
 2005  3  0.00  0.67 -0.26  0.43  1.19 -0.06 -0.43 -0.49 -0.42 -0.86 -0.83 -0.87  1.10  1.72  0.54 -0.19 -0.23 -0.19  3.40  3.85  2.88 -0.39 -0.55 -0.31  1.53  1.93  0.21
 2005  4 -0.14  0.06 -0.22  0.07  0.28 -0.06 -0.35 -0.43 -0.33 -0.61 -0.58 -0.62  0.45  0.50  0.40 -0.23 -0.30 -0.22  2.37  2.10  2.68  0.00 -0.13  0.07  0.19  0.18 -0.94
 2005  5 -0.14 -0.05 -0.17 -0.19 -0.05 -0.28 -0.08 -0.03 -0.09 -0.59 -0.45 -0.63  0.03  0.03  0.03  0.18  0.37  0.14 -0.41 -0.60 -0.20  0.03  0.70 -0.28  0.36  0.15 -0.11
 2005  6 -0.17 -0.26 -0.14 -0.51 -0.31 -0.63  0.16 -0.14  0.23 -0.97 -0.95 -0.98 -0.23 -0.13 -0.32  0.73  0.45  0.78 -0.15 -0.04 -0.29  0.55  0.65  0.50 -0.16 -0.23 -0.02
 2005  7 -0.21 -0.33 -0.16 -0.51 -0.32 -0.63  0.10 -0.37  0.20 -0.86 -0.83 -0.87 -0.32 -0.19 -0.43  0.60  0.00  0.70 -0.24 -0.06 -0.43  0.26  0.26  0.26 -0.44 -0.28 -0.04
 2005  8 -0.22 -0.36 -0.17 -0.48 -0.35 -0.57  0.04 -0.39  0.13 -0.98 -0.96 -0.98 -0.21 -0.18 -0.24  0.56  0.03  0.65 -0.25 -0.26 -0.24 -0.45 -0.16 -0.59 -0.32 -0.40  0.02
 2005  9 -0.22 -0.30 -0.19 -0.49 -0.46 -0.50  0.04  0.07  0.03 -0.89 -0.91 -0.88 -0.25 -0.34 -0.18  0.51  0.79  0.46 -0.39 -0.55 -0.21  0.62  1.28  0.30 -0.17 -0.28  0.26
 2005 10 -0.22 -0.24 -0.21 -0.41 -0.42 -0.41 -0.02  0.19 -0.06 -0.73 -0.69 -0.75 -0.24 -0.37 -0.13  0.35  0.89  0.26  0.06 -0.03  0.16  1.43  2.41  0.97 -0.48 -0.08 -0.22
 2005 11 -0.26 -0.10 -0.33 -0.44 -0.31 -0.53 -0.09  0.36 -0.18 -1.08 -1.03 -1.09 -0.10 -0.13 -0.08  0.43  1.44  0.25  0.91  0.49  1.38  3.31  4.28  2.85 -0.14  0.33 -0.83
 2005 12 -0.18 -0.20 -0.18 -0.14 -0.08 -0.18 -0.23 -0.47 -0.18 -0.87 -0.80 -0.90  0.24  0.11  0.35  0.13 -0.21  0.19  0.58  0.68  0.45 -0.00 -0.18  0.08  0.03  0.18 -0.69
 2006  1 -0.37  0.00 -0.51 -0.13  0.35 -0.44 -0.60 -0.78 -0.57 -0.94 -1.03 -0.91  0.32  0.73 -0.05 -0.45 -0.66 -0.42  5.64  5.18  6.17 -0.15 -0.18 -0.14 -0.34  0.43 -1.45
 2006  2 -0.40 -0.62 -0.32 -0.66 -0.79 -0.57 -0.15 -0.26 -0.13 -0.70 -0.74 -0.69 -0.62 -0.79 -0.47  0.12  0.07  0.13  3.86  2.69  5.21 -0.25 -0.11 -0.31 -2.81 -2.86  0.31
 2006  3 -0.33 -0.44 -0.28 -0.58 -0.65 -0.53 -0.07  0.03 -0.09  0.05 -0.08  0.09 -0.96 -0.82 -1.08 -0.09  0.20 -0.15 -1.54 -1.18 -1.95  0.70  1.03  0.54 -1.26 -1.56 -0.66
 2006  4 -0.10 -0.03 -0.13 -0.14 -0.10 -0.17 -0.07  0.14 -0.11  0.46  0.44  0.46 -0.49 -0.27 -0.69 -0.31 -0.02 -0.36 -2.23 -1.28 -3.32 -0.49  0.28 -0.86 -1.22 -1.31 -0.71
 2006  5 -0.02 -0.02 -0.02  0.02 -0.13  0.12 -0.07  0.22 -0.13  0.44  0.39  0.45 -0.22 -0.28 -0.17 -0.31  0.12 -0.39 -1.20 -0.92 -1.51  0.39  0.23  0.47  0.13 -0.05  0.23
 2006  6  0.02  0.15 -0.03  0.35  0.22  0.44 -0.31 -0.01 -0.37  0.53  0.63  0.50  0.21  0.09  0.32 -0.70 -0.42 -0.75  0.17 -0.05  0.41  0.03 -0.35  0.21  0.24  0.23 -0.06
 2006  7  0.12  0.46 -0.01  0.63  0.51  0.71 -0.39  0.35 -0.55  0.74  0.77  0.74  0.53  0.43  0.61 -0.95  0.05 -1.13  0.48  0.51  0.45 -0.33  0.69 -0.81  0.28  0.37 -0.11
 2006  8  0.01  0.28 -0.09  0.53  0.54  0.52 -0.50 -0.30 -0.55  0.64  0.64  0.64  0.42  0.50  0.35 -1.05 -0.98 -1.07  0.23  0.39  0.05 -1.65 -1.68 -1.63  0.27  0.38 -0.98
 2006  9 -0.09  0.15 -0.18  0.51  0.47  0.54 -0.69 -0.58 -0.71  0.73  0.78  0.72  0.37  0.39  0.36 -1.41 -1.59 -1.38  0.05 -0.09  0.22 -4.10 -4.15 -4.08  1.45  1.16 -0.30
 2006 10 -0.18 -0.16 -0.18  0.37  0.40  0.34 -0.72 -1.42 -0.57  0.27  0.30  0.26  0.40  0.42  0.37 -1.21 -2.69 -0.95  0.93  0.89  0.98 -4.36 -6.73 -3.23  0.34  0.48 -0.07
 2006 11 -0.12 -0.44  0.01  0.17  0.09  0.22 -0.40 -1.63 -0.14  0.48  0.50  0.47 -0.02 -0.02 -0.02 -0.84 -3.22 -0.42 -1.48 -1.67 -1.27 -4.85 -8.13 -3.30  0.79 -0.37  0.37
 2006 12 -0.17 -0.19 -0.17  0.00 -0.25  0.16 -0.35 -0.05 -0.41 -0.12 -0.10 -0.12  0.05 -0.26  0.32 -0.46 -0.09 -0.52 -1.15 -0.88 -1.46 -0.31 -0.09 -0.41  1.02  1.35  0.49
 2007  1 -0.02  0.16 -0.09  0.11  0.34 -0.05 -0.15 -0.27 -0.13 -0.08 -0.06 -0.09  0.18  0.43 -0.05 -0.15 -0.36 -0.12 -1.00 -0.52 -1.55 -0.40 -0.68 -0.27  1.81  1.74 -0.05
 2007  2 -0.04  0.15 -0.11  0.23  0.23  0.23 -0.30 -0.04 -0.35 -0.29 -0.25 -0.30  0.48  0.36  0.59 -0.28  0.12 -0.35 -0.58  0.05 -1.31  0.12  0.54 -0.07  0.22  0.67  0.12
 2007  3 -0.11  0.16 -0.21  0.21  0.39  0.09 -0.43 -0.38 -0.44 -0.27 -0.20 -0.29  0.45  0.55  0.36 -0.50 -0.53 -0.49  0.56  1.04 -0.00 -0.31 -0.14 -0.38 -0.10  0.63 -1.18
 2007  4 -0.08 -0.10 -0.07  0.00 -0.09  0.06 -0.16 -0.12 -0.17 -0.09 -0.13 -0.08  0.03 -0.08  0.14 -0.18 -0.11 -0.19 -0.89 -0.73 -1.08 -0.54 -0.17 -0.72  0.05  0.21 -0.15
 2007  5 -0.09 -0.19 -0.06 -0.01 -0.14  0.08 -0.18 -0.31 -0.16 -0.09 -0.18 -0.07  0.05 -0.14  0.22 -0.24 -0.39 -0.21  0.73  0.60  0.88 -0.99 -1.17 -0.90 -0.10  0.07  0.06
 2007  6 -0.14 -0.13 -0.14 -0.23 -0.20 -0.25 -0.04  0.03 -0.06 -0.35 -0.45 -0.33 -0.12 -0.13 -0.12  0.07  0.35  0.03 -0.19  0.12 -0.55 -0.55  0.12 -0.86 -0.02  0.00  1.09
 2007  7 -0.26 -0.56 -0.14 -0.76 -0.62 -0.85  0.24 -0.41  0.38 -1.21 -1.21 -1.21 -0.48 -0.45 -0.50  0.97  0.15  1.11 -0.16 -0.13 -0.20  1.09 -0.15  1.68 -0.48 -0.40 -0.64
 2007  8 -0.29 -0.48 -0.22 -0.50 -0.47 -0.52 -0.08 -0.49 -0.00 -0.79 -0.86 -0.77 -0.35 -0.39 -0.32  0.29 -0.17  0.37 -0.11 -0.10 -0.12  0.22 -0.21  0.42 -1.09 -1.02 -0.41
 2007  9 -0.28 -0.42 -0.22 -0.43 -0.44 -0.42 -0.12 -0.38 -0.07 -0.66 -0.72 -0.64 -0.30 -0.38 -0.23  0.16 -0.08  0.20  0.08  0.06  0.10  0.94  0.85  0.99 -0.36 -0.30 -0.07
 2007 10 -0.27 -0.41 -0.21 -0.60 -0.62 -0.58  0.06  0.06  0.07 -0.83 -0.81 -0.84 -0.49 -0.58 -0.40  0.55  0.74  0.51  0.53  0.36  0.73  3.07  2.44  3.37 -1.34 -0.81 -0.70
 2007 11 -0.12 -0.30 -0.05 -0.16 -0.17 -0.16 -0.08 -0.60  0.03 -0.05 -0.19 -0.01 -0.23 -0.17 -0.28 -0.10 -0.89  0.04  0.88  0.75  1.03 -1.51 -2.68 -0.96 -0.28 -0.07 -0.04
 2007 12 -0.06 -0.47  0.11 -0.24 -0.63  0.02  0.12 -0.12  0.18  0.40  0.33  0.43 -0.57 -0.87 -0.30 -0.03 -0.49  0.06 -1.91 -2.16 -1.62 -0.94 -2.03 -0.42  0.35  0.17  0.52
 2008  1 -0.12 -0.21 -0.09 -0.22 -0.36 -0.14 -0.02  0.13 -0.05  0.09  0.03  0.10 -0.39 -0.46 -0.32 -0.07  0.22 -0.12 -2.83 -2.59 -3.10  0.15  0.42  0.03  2.31  2.54  0.14
 2008  2 -0.18 -0.16 -0.18 -0.22 -0.27 -0.19 -0.13  0.10 -0.18 -0.07 -0.11 -0.06 -0.26 -0.30 -0.23 -0.20  0.22 -0.27  1.45  1.49  1.40 -0.01  0.44 -0.22  0.98  1.47  0.03
 2008  3 -0.23 -0.48 -0.14 -0.32 -0.65 -0.11 -0.15 -0.11 -0.15  0.01 -0.15  0.06 -0.46 -0.75 -0.21 -0.27 -0.18 -0.28  3.25  1.90  4.80 -0.22 -0.31 -0.18 -0.84 -0.79  0.18
 2008  4 -0.25 -0.43 -0.18 -0.52 -0.61 -0.46  0.02 -0.02  0.03  0.20 -0.00  0.26 -0.88 -0.76 -0.98 -0.09 -0.06 -0.09 -0.14 -0.06 -0.24 -0.79 -0.71 -0.83 -0.95 -1.22  0.52
 2008  5 -0.21 -0.33 -0.17 -0.39 -0.51 -0.31 -0.04  0.07 -0.06  0.15 -0.00  0.20 -0.67 -0.65 -0.68 -0.15  0.13 -0.20 -1.68 -1.54 -1.84  0.03  1.07 -0.46 -0.50 -0.55 -0.25
 2008  6 -0.19 -0.27 -0.16 -0.04 -0.26  0.10 -0.33 -0.29 -0.34  0.38  0.25  0.41 -0.30 -0.40 -0.21 -0.67 -0.66 -0.67 -0.35 -0.42 -0.26  0.18 -0.35  0.43 -0.08 -0.06 -0.86
 2008  7 -0.18  0.05 -0.26  0.30  0.23  0.35 -0.66 -0.37 -0.72  0.74  0.73  0.74  0.01  0.07 -0.04 -1.32 -1.10 -1.36 -0.05  0.03 -0.14 -1.00 -1.36 -0.82  0.06  0.15  0.13
 2008  8 -0.19  0.13 -0.31  0.34  0.17  0.45 -0.72  0.04 -0.88  0.82  0.72  0.85  0.06  0.00  0.10 -1.50 -0.43 -1.69  0.07  0.08  0.07 -1.48 -1.19 -1.62  0.21  0.33  0.90
 2008  9 -0.23 -0.07 -0.29  0.22  0.15  0.26 -0.67 -0.58 -0.69  0.62  0.52  0.65  0.01  0.06 -0.04 -1.35 -1.42 -1.34 -0.01 -0.03  0.02 -3.47 -3.59 -3.41 -0.08 -0.06  0.13
 2008 10 -0.25 -0.42 -0.19 -0.26 -0.45 -0.13 -0.24 -0.34 -0.22  0.04 -0.04  0.07 -0.44 -0.56 -0.33 -0.37 -0.59 -0.33 -0.51 -0.64 -0.35 -0.67 -0.63 -0.68 -0.36 -0.40 -0.34
 2008 11 -0.26 -0.45 -0.19 -0.08 -0.08 -0.08 -0.44 -1.28 -0.26 -0.05 -0.26  0.02 -0.08 -0.04 -0.12 -0.67 -2.05 -0.42 -0.10 -0.04 -0.17 -2.82 -4.35 -2.09  0.38  0.76 -0.47
 2008 12 -0.29 -0.36 -0.26 -0.19 -0.15 -0.21 -0.40 -0.86 -0.30 -0.01 -0.22  0.05 -0.28 -0.11 -0.42 -0.61 -1.38 -0.47 -0.29 -0.16 -0.44 -2.00 -2.86 -1.60  0.71  0.87 -0.39
 2009  1 -0.28 -0.52 -0.19 -0.11 -0.63  0.23 -0.45 -0.25 -0.49 -0.04 -0.16 -0.01 -0.17 -0.76  0.36 -0.64 -0.31 -0.69  0.20 -0.92  1.50 -0.31 -0.17 -0.37 -2.16 -2.51 -0.61
 2009  2 -0.40  0.04 -0.58  0.25  0.56  0.04 -1.06 -1.13 -1.04 -1.19 -1.36 -1.14  1.02  1.09  0.96 -1.01 -1.01 -1.00  9.49  7.89 11.33 -0.50 -0.70 -0.41 -1.29 -1.33 -1.31
 2009  3 -0.25 -0.27 -0.25 -0.29 -0.30 -0.28 -0.22 -0.20 -0.22 -0.15 -0.33 -0.09 -0.38 -0.30 -0.46 -0.24 -0.10 -0.26  0.36 -0.08  0.86 -0.39 -0.30 -0.44 -0.84 -1.47  0.22
 2009  4  0.01 -0.16  0.08 -0.11 -0.27 -0.00  0.13  0.09  0.14  0.34  0.30  0.35 -0.34 -0.40 -0.29  0.02 -0.13  0.05 -3.10 -2.82 -3.42 -0.76 -1.05 -0.62  0.57 -0.08  0.97
 2009  5  0.05 -0.01  0.07 -0.06 -0.09 -0.04  0.15  0.16  0.15  0.09  0.13  0.07 -0.14 -0.15 -0.12  0.19  0.20  0.18 -1.00 -0.81 -1.22 -0.34 -0.32 -0.34 -0.19 -0.52  0.76
 2009  6 -0.07  0.01 -0.10 -0.05  0.13 -0.16 -0.10 -0.29 -0.06 -0.46 -0.36 -0.49  0.15  0.24  0.08  0.11 -0.15  0.15 -0.22 -0.27 -0.15  0.12 -0.47  0.40  0.07  0.07 -0.40
 2009  7 -0.14  0.20 -0.27  0.20  0.32  0.13 -0.47 -0.08 -0.56 -0.13 -0.06 -0.15  0.37  0.42  0.33 -0.65 -0.09 -0.75  0.05  0.13 -0.05 -0.34 -0.47 -0.28  0.93  0.68 -0.48
 2009  8 -0.07  0.21 -0.18  0.23  0.36  0.14 -0.37 -0.12 -0.42  0.03  0.11  0.01  0.34  0.44  0.26 -0.59 -0.33 -0.64  0.13  0.04  0.24 -1.75 -1.62 -1.81  0.78  0.68 -0.56
 2009  9 -0.06 -0.21 -0.01  0.00 -0.01  0.01 -0.13 -0.66 -0.02 -0.35 -0.36 -0.35  0.20  0.08  0.30 -0.02 -0.84  0.13 -0.08 -0.24  0.09 -1.97 -2.85 -1.56  0.14  0.26  0.15
 2009 10 -0.06 -0.16 -0.02 -0.20 -0.13 -0.25  0.08 -0.22  0.14 -0.74 -0.68 -0.75  0.09  0.01  0.15  0.50  0.13  0.57 -0.18 -0.24 -0.10  1.67 -0.40  2.65  0.58  0.33 -0.07
 2009 11 -0.13 -0.03 -0.17  0.07  0.14  0.02 -0.33 -0.41 -0.31 -0.70 -0.60 -0.73  0.45  0.31  0.58 -0.11 -0.19 -0.10  3.40  2.73  4.17 -0.93  0.32 -1.52  0.13  0.96 -0.31
 2009 12 -0.18  0.44 -0.42  0.12  0.77 -0.30 -0.48 -0.32 -0.51 -1.36 -1.21 -1.40  0.87  1.28  0.50  0.01  0.41 -0.06  0.42  1.06 -0.32  2.03  2.69  1.71  0.22 -0.81 -1.10
 2010  1 -0.20 -0.43 -0.11 -0.35 -0.57 -0.21 -0.05 -0.12 -0.04 -0.47 -0.35 -0.51 -0.26 -0.62  0.06  0.15  0.05  0.17 -1.73 -1.84 -1.60  0.13  0.09  0.15  1.99  2.00 -0.00
 2010  2 -0.22  0.14 -0.37  0.38  0.63  0.21 -0.83 -0.96 -0.80 -1.73 -1.70 -1.75  1.48  1.22  1.71 -0.34 -0.35 -0.34  5.56  4.52  6.74 -0.17 -0.15 -0.18  2.21  1.80  0.08
 2010  3 -0.17 -0.13 -0.18 -0.06 -0.01 -0.10 -0.27 -0.40 -0.24 -1.05 -0.97 -1.07  0.46  0.24  0.66  0.13  0.04  0.15  2.75  2.33  3.22  0.42  0.32  0.46  0.12  0.71  0.02
 2010  4 -0.01  0.06 -0.04 -0.07  0.18 -0.23  0.04 -0.22  0.10 -0.43 -0.42 -0.43  0.13  0.30 -0.03  0.28  0.03  0.32 -0.99 -0.43 -1.64 -0.10 -0.29 -0.01  0.48  0.45 -0.07
 2010  5  0.12  0.28  0.06  0.26  0.45  0.14 -0.01 -0.10  0.00 -0.23 -0.21 -0.23  0.55  0.63  0.48  0.06 -0.03  0.08 -0.79 -0.49 -1.14 -1.09 -1.79 -0.75  1.25  1.05  1.29
 2010  6  0.10  0.29  0.03  0.34  0.42  0.29 -0.13 -0.01 -0.16  0.00 -0.10  0.04  0.54  0.56  0.52 -0.23  0.07 -0.28  0.23  0.46 -0.04 -0.50 -0.66 -0.43  0.22  0.32  1.00
 2010  7 -0.01  0.02 -0.02 -0.00 -0.01  0.00 -0.01  0.10 -0.03 -0.15 -0.25 -0.12  0.08  0.04  0.13  0.06  0.40 -0.01  0.20  0.00  0.43  1.07  0.82  1.18 -0.18 -0.03  0.70
 2010  8 -0.03 -0.07 -0.01 -0.09 -0.02 -0.13  0.03 -0.18  0.07 -0.22 -0.38 -0.18 -0.01  0.07 -0.08  0.15 -0.03  0.18  0.34  0.48  0.17  1.71  0.90  2.09 -0.40 -0.29 -0.33
 2010  9 -0.01  0.04 -0.03  0.28  0.20  0.33 -0.30 -0.32 -0.29  0.55  0.45  0.58  0.16  0.14  0.17 -0.77 -0.93 -0.74  0.17  0.29  0.03 -0.09 -1.61  0.63  0.17 -0.09 -0.31
 2010 10  0.04  0.07  0.03  0.37  0.16  0.50 -0.28 -0.14 -0.31  0.92  0.66  1.00  0.12  0.07  0.16 -0.96 -0.87 -0.98  0.31  0.41  0.20 -1.92 -2.69 -1.55  0.17  0.55  0.60
 2010 11  0.16 -0.10  0.27  0.51  0.08  0.79 -0.19 -0.51 -0.12  1.43  1.29  1.48  0.09 -0.19  0.34 -1.10 -2.03 -0.94  0.11 -0.28  0.56 -4.71 -6.64 -3.80  0.18 -0.21  1.14
 2010 12  0.14  0.14  0.15  0.42  0.40  0.43 -0.13 -0.45 -0.06  1.21  0.85  1.31  0.07  0.32 -0.15 -0.91 -1.57 -0.79 -0.84 -0.28 -1.49 -3.27 -4.08 -2.89 -0.50 -0.52  0.37
 2011  1  0.05  0.09  0.03  0.07  0.07  0.07  0.03  0.14  0.01  1.03  0.75  1.12 -0.36 -0.06 -0.63 -0.57 -0.46 -0.59 -2.09 -1.92 -2.30 -0.54 -0.65 -0.49  0.18 -0.46 -0.38
 2011  2  0.09  0.00  0.13 -0.11 -0.23 -0.02  0.29  0.53  0.24  1.28  1.15  1.32 -0.76 -0.56 -0.94 -0.31 -0.07 -0.36 -4.96 -4.00 -6.06 -0.07 -0.21 -0.00 -0.12 -0.44  0.17
 2011  3  0.03 -0.25  0.13 -0.38 -0.56 -0.26  0.43  0.44  0.43  1.20  1.06  1.24 -1.15 -0.97 -1.31 -0.04 -0.07 -0.03 -6.24 -4.81 -7.88 -0.07  0.04 -0.12  0.48 -0.03 -0.29
 2011  4 -0.30 -0.64 -0.17 -0.26 -0.80  0.10 -0.35 -0.27 -0.36 -0.01 -0.17  0.03 -0.32 -0.95  0.24 -0.58 -0.40 -0.61  2.64  1.42  4.05 -0.75 -0.54 -0.86 -0.54  0.21 -0.50
 2011  5 -0.43 -0.41 -0.43 -0.32 -0.34 -0.31 -0.53 -0.58 -0.52 -0.47 -0.71 -0.40 -0.20 -0.24 -0.17 -0.60 -0.49 -0.62  1.23  1.00  1.50 -0.41 -0.47 -0.38 -0.42 -0.24 -0.23
 2011  6 -0.34 -0.31 -0.36 -0.25 -0.29 -0.23 -0.43 -0.36 -0.45 -0.16 -0.28 -0.13 -0.28 -0.29 -0.26 -0.60 -0.43 -0.63 -0.25 -0.11 -0.41 -1.22 -1.44 -1.12 -0.29 -0.24  0.35
 2011  7 -0.26 -0.39 -0.21 -0.40 -0.36 -0.42 -0.12 -0.45 -0.05 -0.41 -0.43 -0.41 -0.41 -0.36 -0.46  0.06 -0.42  0.14 -0.28 -0.27 -0.29 -0.08 -0.62  0.18 -1.21 -0.95 -0.06
 2011  8 -0.22 -0.23 -0.21 -0.17 -0.14 -0.18 -0.27 -0.42 -0.24 -0.18 -0.15 -0.18 -0.18 -0.15 -0.20 -0.30 -0.60 -0.25 -0.32 -0.17 -0.50 -1.71 -1.84 -1.64 -0.64 -0.38 -0.35
 2011  9 -0.18 -0.23 -0.16  0.18 -0.02  0.30 -0.54 -0.72 -0.50  0.40  0.34  0.42  0.06 -0.11  0.21 -1.04 -1.53 -0.95 -0.16 -0.17 -0.13 -3.74 -3.76 -3.73  0.49  0.55  0.31
 2011 10 -0.17 -0.20 -0.15  0.04 -0.07  0.11 -0.38 -0.49 -0.35  0.12  0.02  0.15  0.01 -0.08  0.09 -0.65 -0.94 -0.60  0.41  0.37  0.46 -4.59 -3.53 -5.09  0.16  0.38  1.08
 2011 11 -0.20 -0.38 -0.13 -0.08 -0.27  0.05 -0.33 -0.64 -0.26  0.17  0.10  0.19 -0.20 -0.36 -0.05 -0.59 -1.24 -0.48 -2.07 -2.06 -2.08 -3.41 -3.12 -3.55  0.22 -0.36  0.17
 2011 12 -0.12 -0.74  0.12 -0.51 -1.07 -0.15  0.26  0.01  0.32  0.44  0.20  0.51 -1.01 -1.40 -0.66  0.17 -0.15  0.23 -3.35 -3.01 -3.74 -0.12 -1.40  0.49  0.12  0.09  1.07
 2012  1 -0.31  0.07 -0.46 -0.05  0.30 -0.28 -0.57 -0.46 -0.59 -0.83 -0.94 -0.80  0.36  0.64  0.11 -0.43 -0.12 -0.49  1.69  1.86  1.50  0.38  0.60  0.27  1.55  2.17 -0.56
 2012  2 -0.44 -0.00 -0.61 -0.42  0.14 -0.78 -0.47 -0.33 -0.49 -0.60 -0.64 -0.59 -0.35  0.36 -0.98 -0.37 -0.13 -0.41  1.86  2.23  1.44 -0.19  0.04 -0.30 -1.23 -0.86  0.20
 2012  3 -0.41 -0.24 -0.47 -0.36 -0.22 -0.45 -0.45 -0.27 -0.49 -0.41 -0.41 -0.40 -0.38 -0.18 -0.55 -0.44 -0.13 -0.49  0.80  1.15  0.40 -0.01  0.45 -0.22 -1.54 -0.86 -0.93
 2012  4 -0.32 -0.04 -0.43 -0.06  0.09 -0.15 -0.59 -0.32 -0.64 -0.48 -0.55 -0.45  0.12  0.23  0.02 -0.61 -0.08 -0.70  0.86  1.06  0.62  0.08  0.01  0.11 -0.83 -0.84 -0.08
 2012  5 -0.23 -0.12 -0.27 -0.08 -0.09 -0.08 -0.38 -0.19 -0.41 -0.09 -0.08 -0.09 -0.08 -0.09 -0.07 -0.53 -0.28 -0.57 -0.44 -0.44 -0.43 -0.82 -0.62 -0.92 -0.29 -0.07  0.21
 2012  6 -0.10  0.07 -0.16  0.09  0.05  0.11 -0.28  0.11 -0.37  0.16  0.20  0.15  0.06  0.01  0.11 -0.54  0.03 -0.64 -0.44 -0.53 -0.34 -0.73 -0.37 -0.90  0.11  0.10  0.24
 2012  7 -0.14 -0.19 -0.11 -0.21 -0.30 -0.15 -0.06  0.05 -0.09 -0.35 -0.39 -0.34 -0.12 -0.28  0.01  0.08  0.39  0.02 -0.12 -0.31  0.09  0.35  0.51  0.28 -0.38 -0.28  0.73
 2012  8 -0.20 -0.25 -0.18 -0.32 -0.32 -0.33 -0.08 -0.10 -0.07 -0.54 -0.58 -0.53 -0.21 -0.26 -0.17  0.17  0.32  0.14 -0.10 -0.04 -0.18  1.10  1.32  1.00 -0.29 -0.31  0.12
 2012  9 -0.14 -0.16 -0.14 -0.23 -0.25 -0.21 -0.06  0.05 -0.08 -0.35 -0.32 -0.35 -0.16 -0.23 -0.09  0.08  0.31  0.04 -0.26 -0.41 -0.08  1.15  1.58  0.94  0.26  0.36 -0.35
 2012 10 -0.17  0.06 -0.27 -0.71 -0.40 -0.90  0.36  1.11  0.20 -1.23 -1.21 -1.24 -0.44 -0.21 -0.66  1.21  2.92  0.91 -0.79 -0.76 -0.83  6.87  8.60  6.05  0.14 -0.20 -1.05
 2012 11 -0.14 -0.10 -0.15 -0.51 -0.64 -0.43  0.24  1.12  0.06 -0.91 -0.90 -0.92 -0.33 -0.60 -0.09  0.87  2.69  0.55 -2.59 -2.35 -2.87  5.33  7.85  4.14 -0.05 -0.82 -1.09
 2012 12 -0.24 -0.54 -0.12 -0.76 -0.99 -0.61  0.28  0.46  0.24 -0.38 -0.31 -0.40 -0.95 -1.14 -0.77  0.62  0.99  0.56 -0.49 -0.68 -0.26  1.86  2.50  1.56 -0.98 -0.61  0.05
 2013  1 -0.27 -0.22 -0.29 -0.15  0.01 -0.26 -0.38 -0.75 -0.31 -1.33 -1.39 -1.31  0.52  0.39  0.63  0.06 -0.31  0.12  7.60  5.94  9.50 -0.01  0.08 -0.06 -3.41 -2.92 -0.77
 2013  2 -0.23 -0.36 -0.18 -0.71 -0.67 -0.73  0.24  0.35  0.22 -0.45 -0.38 -0.47 -0.80 -0.72 -0.86  0.57  0.82  0.52  2.07  1.47  2.76  0.50  0.56  0.47 -1.05 -1.27  1.39
 2013  3 -0.10 -0.26 -0.04 -0.45 -0.43 -0.46  0.24  0.14  0.27 -0.13 -0.25 -0.10 -0.60 -0.48 -0.70  0.43  0.41  0.43 -2.93 -2.24 -3.73  0.25  0.10  0.32  0.03 -0.49  0.03
 2013  4 -0.04 -0.10 -0.01 -0.13 -0.05 -0.19  0.06 -0.20  0.12 -0.10 -0.10 -0.10 -0.15 -0.04 -0.26  0.15 -0.28  0.22 -3.51 -2.67 -4.47 -0.46 -1.09 -0.17  0.58  0.14  0.48
 2013  5 -0.04 -0.06 -0.03  0.18  0.12  0.23 -0.26 -0.45 -0.22  0.01 -0.13  0.05  0.27  0.18  0.34 -0.39 -0.68 -0.34  0.77  0.56  1.02 -0.85 -1.17 -0.70  0.38  0.35 -0.45
 2013  6  0.02  0.06  0.00  0.32  0.23  0.38 -0.28 -0.34 -0.27  0.49  0.47  0.49  0.21  0.16  0.26 -0.67 -0.93 -0.62  0.69  0.51  0.89 -0.96 -1.70 -0.60  0.20  0.12 -0.88
 2013  7  0.08  0.23  0.02  0.48  0.48  0.49 -0.32 -0.31 -0.32  0.69  0.69  0.70  0.34  0.39  0.30 -0.81 -0.96 -0.79  0.53  0.59  0.46 -0.88 -1.21 -0.73  0.33  0.27 -0.38
 2013  8  0.03  0.04  0.03  0.29  0.21  0.34 -0.22 -0.34 -0.19  0.46  0.44  0.47  0.16  0.13  0.19 -0.54 -0.88 -0.48  0.32  0.19  0.47 -1.02 -1.30 -0.90  0.21  0.19 -0.84
 2013  9 -0.05  0.16 -0.13 -0.05  0.03 -0.10 -0.04  0.47 -0.15  0.05  0.05  0.05 -0.13  0.02 -0.26 -0.06  0.80 -0.22  0.30  0.47  0.09  0.92  2.69  0.08 -0.67 -0.40 -0.88
 2013 10 -0.04  0.04 -0.07 -0.35 -0.36 -0.34  0.27  0.93  0.14 -0.15 -0.20 -0.13 -0.49 -0.41 -0.56  0.53  1.83  0.31  0.19  0.15  0.25  4.19  5.94  3.36 -0.19 -0.17 -1.53
 2013 11  0.07  0.13  0.04 -0.20 -0.37 -0.08  0.33  1.26  0.14  0.18  0.17  0.18 -0.43 -0.52 -0.35  0.45  2.13  0.15 -0.97 -1.03 -0.91  4.82  6.05  4.23 -0.69 -1.28 -0.55
 2013 12  0.11 -0.16  0.22 -0.18 -0.53  0.05  0.39  0.66  0.34  0.64  0.56  0.66 -0.63 -0.83 -0.46  0.29  0.78  0.21 -4.31 -4.36 -4.26  1.19  2.30  0.66 -0.66 -2.03  0.05
 2014  1  0.13 -0.06  0.20  0.21 -0.08  0.40  0.04 -0.03  0.06  0.39  0.43  0.38  0.12 -0.21  0.41 -0.15 -0.40 -0.10 -2.63 -1.96 -3.41 -0.29 -0.44 -0.23 -0.41 -0.09 -0.56
 2014  2  0.08 -0.16  0.18  0.17 -0.30  0.47 -0.01  0.15 -0.04  0.34  0.21  0.38  0.11 -0.40  0.57 -0.21  0.02 -0.25 -1.93 -1.79 -2.10  0.25  0.44  0.16  1.08  1.22 -0.27
 2014  3  0.11  0.15  0.09  0.31  0.10  0.45 -0.10  0.28 -0.18  0.01  0.05 -0.00  0.51  0.14  0.84 -0.20  0.37 -0.30  1.25  0.48  2.13  0.17  0.39  0.07  1.45  1.96  0.48
 2014  4  0.05  0.14  0.02  0.18  0.16  0.18 -0.07  0.09 -0.11 -0.28 -0.23 -0.29  0.48  0.29  0.65 -0.03  0.28 -0.08  3.51  2.55  4.60  0.42  0.83  0.22 -0.05  0.34 -0.45
 2014  5 -0.04 -0.02 -0.04 -0.11  0.01 -0.19  0.04 -0.09  0.07 -0.27 -0.26 -0.27 -0.01  0.09 -0.10  0.18  0.01  0.21  0.97  0.84  1.13 -0.08 -0.34  0.04 -0.22 -0.16  0.27
 2014  6 -0.00  0.05 -0.02  0.02  0.10 -0.04 -0.02 -0.07 -0.01 -0.15 -0.18 -0.14  0.14  0.18  0.09  0.02 -0.00  0.02  0.32  0.40  0.23 -0.51 -0.48 -0.53  0.31  0.40  0.32
 2014  7 -0.06  0.02 -0.09 -0.23 -0.05 -0.34  0.11  0.20  0.09 -0.43 -0.34 -0.46 -0.08  0.05 -0.19  0.35  0.52  0.32 -0.09 -0.07 -0.11 -0.16  0.35 -0.40  0.19  0.19  0.68
 2014  8 -0.10 -0.26 -0.04 -0.35 -0.24 -0.42  0.14 -0.32  0.24 -0.37 -0.36 -0.37 -0.31 -0.20 -0.41  0.38 -0.32  0.50 -0.13 -0.11 -0.15  0.14 -0.46  0.42 -0.12 -0.01  0.54
 2014  9 -0.20 -0.47 -0.10 -0.41 -0.45 -0.38 -0.00 -0.51  0.10 -0.48 -0.47 -0.49 -0.35 -0.46 -0.26  0.24 -0.49  0.37  0.11  0.07  0.14  0.06 -0.86  0.50 -1.03 -1.02  0.04
 2014 10 -0.16 -0.30 -0.10 -0.51 -0.38 -0.59  0.20 -0.11  0.26 -0.68 -0.72 -0.67 -0.40 -0.28 -0.51  0.64  0.32  0.70 -0.07  0.21 -0.38  2.09  1.54  2.35 -0.92 -0.51 -0.32
 2014 11 -0.14  0.04 -0.21 -0.22  0.01 -0.37 -0.06  0.11 -0.09 -0.60 -0.51 -0.62 -0.03  0.14 -0.18  0.24  0.61  0.17  0.34  0.52  0.13  1.04  1.81  0.68  0.15  0.34 -0.38
 2014 12 -0.11  0.06 -0.18 -0.09  0.13 -0.24 -0.14 -0.09 -0.14 -0.46 -0.38 -0.48  0.07  0.26 -0.10  0.06  0.13  0.05 -0.26  0.17 -0.75  0.68  0.40  0.81 -0.57 -0.62 -0.26
 2015  1 -0.14 -0.01 -0.19  0.11  0.12  0.11 -0.39 -0.31 -0.41 -0.69 -0.57 -0.72  0.51  0.31  0.69 -0.21 -0.14 -0.22  3.18  2.39  4.09  0.01  0.09 -0.04 -1.79 -1.67 -0.37
 2015  2 -0.09 -0.21 -0.04 -0.14 -0.36 -0.01 -0.04  0.12 -0.07  0.00 -0.05  0.02 -0.26 -0.46 -0.09 -0.02  0.30 -0.07 -2.29 -2.29 -2.29  0.28  0.27  0.29 -0.21 -0.33  0.34
 2015  3 -0.03 -0.37  0.10 -0.22 -0.59  0.02  0.16  0.15  0.16  0.13  0.26  0.09 -0.42 -0.84 -0.05  0.20  0.14  0.20 -2.58 -2.76 -2.39  0.05  0.03  0.05 -0.14 -0.13  0.17
 2015  4 -0.16 -0.20 -0.15 -0.06 -0.16  0.00 -0.26 -0.30 -0.26 -0.53 -0.47 -0.54  0.19 -0.09  0.43 -0.13 -0.14 -0.12  3.22  2.48  4.07  0.52  0.01  0.76 -0.31  0.45 -0.01
 2015  5 -0.07  0.04 -0.11  0.01  0.14 -0.07 -0.14 -0.18 -0.14 -0.14 -0.02 -0.18  0.13  0.19  0.07 -0.18 -0.34 -0.15  1.40  1.17  1.65 -0.24 -0.55 -0.09 -0.06 -0.08 -0.06
 2015  6  0.01  0.01  0.01  0.04  0.07  0.01 -0.02 -0.13  0.01 -0.11 -0.10 -0.11  0.13  0.13  0.13  0.02 -0.18  0.05  0.87  0.76  1.01  0.62  0.11  0.86 -0.73 -0.53  0.07
 2015  7  0.11  0.39 -0.00  0.37  0.47  0.30 -0.15  0.21 -0.23  0.20  0.23  0.19  0.47  0.55  0.39 -0.35  0.14 -0.44  0.67  0.83  0.50 -0.32 -0.47 -0.25  0.51  0.61  0.31
 2015  8  0.02  0.60 -0.20  0.74  0.83  0.67 -0.69  0.08 -0.85  0.82  0.89  0.80  0.70  0.82  0.60 -1.50 -0.55 -1.67  0.50  0.59  0.40 -1.59 -1.32 -1.72  0.87  0.84  0.33
 2015  9 -0.00  0.45 -0.18  0.67  0.73  0.64 -0.68 -0.19 -0.78  1.01  1.10  0.98  0.53  0.64  0.42 -1.59 -1.21 -1.66  0.25  0.38  0.09 -3.80 -3.26 -4.05  0.53  0.48  0.12
 2015 10  0.10  0.15  0.08  0.64  0.61  0.66 -0.44 -0.88 -0.34  1.28  1.29  1.28  0.38  0.47  0.29 -1.42 -2.67 -1.20  0.23  0.37  0.08 -8.19 -8.46 -8.06 -0.31 -0.38  1.25
 2015 11  0.02 -0.52  0.23  0.04 -0.30  0.27 -0.01 -1.00  0.20  0.80  0.83  0.79 -0.30 -0.55 -0.09 -0.48 -2.54 -0.12 -1.79 -1.80 -1.78 -5.50 -7.42 -4.59  0.08 -0.45  1.03
 2015 12 -0.03 -0.44  0.13 -0.36 -0.58 -0.22  0.30 -0.13  0.38  0.73  0.88  0.69 -0.90 -0.93 -0.87  0.04 -0.97  0.22 -4.68 -3.99 -5.46 -2.25 -3.58 -1.61  0.39 -0.43  0.91
 2016  1 -0.03 -0.25  0.05 -0.27 -0.55 -0.09  0.20  0.43  0.15  0.25  0.34  0.22 -0.53 -0.81 -0.28  0.17  0.56  0.10 -6.14 -5.67 -6.67  0.14  0.26  0.09  2.96  2.86  1.38
 2016  2  0.02  0.05  0.01  0.04  0.06  0.03  0.01  0.04 -0.00 -0.05  0.08 -0.09  0.10  0.06  0.15  0.02  0.00  0.03 -2.08 -1.58 -2.65  0.15  0.05  0.19  2.69  3.19  0.12
 2016  3 -0.19  0.09 -0.30  0.35  0.47  0.28 -0.74 -0.76 -0.73 -1.30 -1.27 -1.31  1.24  0.94  1.51 -0.45 -0.39 -0.46  6.83  5.52  8.33 -0.52 -0.71 -0.43  0.06  0.98 -0.34
 2016  4 -0.33 -0.01 -0.46 -0.07  0.30 -0.30 -0.60 -0.70 -0.58 -1.01 -0.86 -1.06  0.42  0.59  0.26 -0.37 -0.55 -0.34  2.25  2.12  2.41 -0.70 -0.76 -0.67 -0.29 -0.24 -0.27
 2016  5 -0.36 -0.34 -0.37 -0.49 -0.27 -0.62 -0.24 -0.48 -0.19 -0.99 -0.90 -1.01 -0.24 -0.09 -0.38  0.17 -0.22  0.24 -0.59 -0.42 -0.80  0.05  0.23 -0.04  0.61  0.28 -1.12
 2016  6 -0.45 -0.55 -0.41 -0.70 -0.56 -0.79 -0.19 -0.53 -0.12 -1.03 -1.01 -1.04 -0.54 -0.45 -0.62  0.26 -0.14  0.33 -0.34 -0.45 -0.20  0.67  0.31  0.83 -1.04 -0.92 -0.95
 2016  7 -0.49 -0.59 -0.45 -0.57 -0.47 -0.63 -0.41 -0.85 -0.31 -0.82 -0.87 -0.80 -0.44 -0.37 -0.51 -0.18 -0.84 -0.06 -0.10 -0.19  0.00  0.02 -0.66  0.33 -0.27 -0.28 -1.48
 2016  8 -0.46 -0.56 -0.42 -0.59 -0.55 -0.61 -0.33 -0.56 -0.28 -0.76 -0.71 -0.77 -0.48 -0.50 -0.46 -0.12 -0.49 -0.06 -0.28 -0.48 -0.05  0.29 -0.31  0.58 -0.24 -0.32 -1.05
 2016  9 -0.35 -0.57 -0.26 -0.59 -0.65 -0.55 -0.11 -0.39 -0.05 -0.77 -0.83 -0.75 -0.48 -0.59 -0.38  0.22 -0.12  0.28  0.01 -0.24  0.30  1.69  0.79  2.11 -0.61 -0.54 -0.56
 2016 10 -0.29 -0.34 -0.28 -0.42 -0.43 -0.42 -0.17 -0.13 -0.17 -0.41 -0.32 -0.44 -0.41 -0.45 -0.38 -0.05 -0.01 -0.06 -0.38 -0.32 -0.44  0.92  1.00  0.89 -0.82 -1.05 -1.10
 2016 11 -0.41  0.00 -0.57 -0.60 -0.33 -0.77 -0.22  0.75 -0.42 -0.81 -0.72 -0.84 -0.46 -0.23 -0.68  0.06  1.85 -0.25  2.77  2.59  2.97  3.44  5.99  2.24 -2.38 -1.54 -0.94
 2016 12 -0.32 -0.22 -0.36 -0.54 -0.33 -0.67 -0.10  0.03 -0.13 -0.49 -0.53 -0.49 -0.56 -0.25 -0.83  0.11  0.36  0.06  0.52  0.34  0.72  1.90  2.65  1.54 -1.66 -2.16 -1.50
 2017  1 -0.17 -0.30 -0.12 -0.24 -0.28 -0.21 -0.10 -0.33 -0.06  0.10  0.11  0.09 -0.40 -0.37 -0.43 -0.22 -0.72 -0.14 -1.30 -1.28 -1.33 -0.19 -0.11 -0.23 -0.45 -0.82 -1.90
 2017  2 -0.19 -0.06 -0.23 -0.13  0.03 -0.23 -0.24 -0.26 -0.24 -0.12 -0.05 -0.14 -0.08  0.08 -0.23 -0.36 -0.52 -0.33  1.95  1.85  2.07 -0.23 -0.38 -0.15 -0.96 -0.54 -0.68
 2017  3 -0.19 -0.44 -0.09 -0.26 -0.52 -0.10 -0.11 -0.25 -0.08  0.14  0.11  0.14 -0.41 -0.65 -0.21 -0.30 -0.64 -0.24  1.46  0.53  2.53 -0.68 -0.86 -0.60 -1.36 -1.14 -0.73
 2017  4 -0.14 -0.27 -0.09 -0.21 -0.34 -0.13 -0.06 -0.11 -0.05  0.21  0.25  0.20 -0.41 -0.47 -0.35 -0.24 -0.47 -0.20  0.71  0.75  0.66 -0.50 -0.74 -0.39 -0.74 -0.74 -0.49
 2017  5 -0.11 -0.10 -0.12 -0.00 -0.04  0.02 -0.22 -0.23 -0.22  0.19  0.24  0.17 -0.12 -0.12 -0.11 -0.43 -0.54 -0.41 -0.56 -0.39 -0.76 -1.11 -1.41 -0.96  0.26  0.26  0.31
 2017  6 -0.13 -0.26 -0.08 -0.17 -0.20 -0.16 -0.09 -0.39 -0.03 -0.06 -0.14 -0.04 -0.22 -0.22 -0.22 -0.13 -0.56 -0.05 -0.49 -0.50 -0.47 -1.01 -1.04 -1.00 -0.16 -0.19  0.16
 2017  7 -0.28 -0.44 -0.22 -0.43 -0.40 -0.45 -0.14 -0.52 -0.06 -0.52 -0.54 -0.51 -0.37 -0.37 -0.37  0.05 -0.49  0.14 -0.30 -0.31 -0.29 -0.78 -0.71 -0.82 -0.78 -0.85 -0.03
 2017  8 -0.31 -0.56 -0.21 -0.83 -0.76 -0.88  0.22 -0.12  0.28 -1.04 -1.01 -1.05 -0.70 -0.69 -0.70  0.85  0.55  0.90 -0.56 -0.85 -0.22  2.17  1.62  2.43 -0.20 -0.15 -0.21
 2017  9 -0.28 -0.33 -0.26 -0.65 -0.52 -0.73  0.10  0.11  0.09 -1.10 -1.05 -1.12 -0.41 -0.39 -0.43  0.72  1.00  0.68 -0.66 -0.52 -0.83  3.60  3.43  3.68 -0.10 -0.06 -0.40
 2017 10 -0.18 -0.14 -0.20 -0.34 -0.31 -0.35 -0.03  0.27 -0.09 -0.44 -0.48 -0.43 -0.27 -0.27 -0.26  0.18  0.82  0.06  0.10  0.23 -0.05  1.82  2.17  1.66 -0.26 -0.14 -0.77
 2017 11 -0.12  0.23 -0.25 -0.25 -0.03 -0.39  0.02  0.82 -0.15 -0.45 -0.43 -0.45 -0.17  0.07 -0.38  0.28  1.78  0.02 -0.54 -0.11 -1.04  3.52  4.16  3.22 -1.32 -1.36 -0.13
 2017 12 -0.16 -0.41 -0.06 -0.39 -0.66 -0.23  0.07  0.15  0.06 -0.32 -0.35 -0.31 -0.46 -0.76 -0.20  0.31  0.61  0.26  0.62 -0.33  1.72  0.96  1.60  0.66  0.43  0.78 -0.15
 2018  1 -0.16 -0.52 -0.02 -0.40 -0.78 -0.16  0.08  0.07  0.08  0.11  0.11  0.12 -0.71 -1.02 -0.44  0.10  0.06  0.10 -3.66 -3.17 -4.22  0.02 -0.16  0.10  0.53  0.74 -0.19
 2018  2 -0.32  0.16 -0.51  0.21  0.70 -0.10 -0.85 -1.06 -0.81 -1.42 -1.54 -1.39  1.03  1.28  0.81 -0.50 -0.64 -0.48  4.18  3.67  4.78 -0.48 -0.56 -0.44 -3.16 -3.64 -1.00
 2018  3 -0.46 -0.44 -0.48 -0.19 -0.12 -0.24 -0.74 -1.16 -0.65 -1.21 -1.33 -1.17  0.35  0.20  0.49 -0.50 -1.00 -0.41  3.50  2.35  4.82 -0.68 -1.23 -0.42  0.59  0.20 -1.07
 2018  4 -0.25 -0.43 -0.18 -0.43 -0.53 -0.36 -0.07 -0.19 -0.05 -0.14 -0.07 -0.16 -0.58 -0.66 -0.50 -0.04 -0.26 -0.00 -0.47 -0.56 -0.36 -0.37 -0.06 -0.52 -0.67 -0.91 -0.19
 2018  5 -0.12 -0.25 -0.07 -0.30 -0.34 -0.27  0.06 -0.04  0.08 -0.07 -0.01 -0.09 -0.41 -0.42 -0.39  0.12 -0.06  0.15 -0.33 -0.20 -0.48  0.08 -0.29  0.26 -1.40 -1.17  0.39
 2018  6 -0.13 -0.19 -0.10 -0.18 -0.18 -0.18 -0.08 -0.22 -0.05 -0.17 -0.18 -0.16 -0.17 -0.18 -0.16 -0.04 -0.25 -0.01 -0.21 -0.19 -0.24 -0.54 -0.97 -0.33 -0.76 -0.57  0.44
 2018  7 -0.23 -0.25 -0.22 -0.14 -0.24 -0.09 -0.31 -0.28 -0.32 -0.15 -0.16 -0.14 -0.11 -0.25  0.01 -0.43 -0.39 -0.44 -0.04 -0.09  0.01 -0.63 -0.81 -0.55 -0.22 -0.27 -0.28
 2018  8 -0.25 -0.08 -0.31  0.01 -0.09  0.08 -0.51 -0.06 -0.61  0.21  0.22  0.20 -0.05 -0.16  0.04 -0.93 -0.34 -1.03  0.11  0.01  0.22 -1.97 -1.60 -2.15  0.20  0.15  0.32
 2018  9 -0.22 -0.17 -0.24  0.03 -0.04  0.08 -0.48 -0.46 -0.48  0.35  0.38  0.34 -0.09 -0.14 -0.05 -0.96 -1.13 -0.93 -0.07 -0.26  0.14 -2.59 -3.09 -2.35 -0.77 -1.22  0.41
 2018 10 -0.19 -0.30 -0.15 -0.02 -0.01 -0.02 -0.37 -0.95 -0.25 -0.01  0.03 -0.03 -0.00 -0.02  0.01 -0.57 -1.69 -0.37 -0.31 -0.63  0.05 -4.34 -4.64 -4.20 -0.62 -1.02  0.80
 2018 11 -0.28 -0.46 -0.21 -0.20 -0.25 -0.17 -0.36 -0.95 -0.23 -0.47 -0.48 -0.46 -0.03 -0.19  0.12 -0.33 -1.28 -0.17 -0.51 -0.52 -0.49 -1.58 -2.95 -0.93  0.00  0.06 -0.20
 2018 12 -0.33 -0.17 -0.39 -0.30 -0.17 -0.38 -0.36 -0.15 -0.40 -0.65 -0.57 -0.67 -0.07 -0.02 -0.11 -0.25  0.03 -0.30  2.74  2.25  3.30  0.59  1.12  0.34 -0.02  0.78 -1.22
 2019  1 -0.45 -0.36 -0.48 -0.40 -0.33 -0.44 -0.50 -0.44 -0.51 -0.70 -0.60 -0.73 -0.18 -0.21 -0.14 -0.45 -0.45 -0.45  7.98  6.28  9.92 -0.17 -0.20 -0.15 -2.81 -2.42 -0.72
 2019  2 -0.36 -0.77 -0.21 -0.90 -1.11 -0.76  0.17  0.01  0.20  0.04  0.14  0.01 -1.34 -1.43 -1.26  0.19 -0.13  0.24 -0.80 -1.46 -0.04 -0.40 -0.71 -0.25 -1.75 -2.46  0.51
 2019  3 -0.28 -0.42 -0.22 -0.60 -0.65 -0.57  0.05  0.11  0.04  0.08  0.23  0.04 -0.91 -0.88 -0.94 -0.02  0.01 -0.02 -3.98 -3.55 -4.48 -0.01 -0.13  0.05 -1.06 -1.69  0.14
 2019  4 -0.28 -0.27 -0.29 -0.18 -0.21 -0.16 -0.39 -0.42 -0.38 -0.24 -0.21 -0.25 -0.14 -0.20 -0.08 -0.47 -0.61 -0.45 -1.64 -0.98 -2.39 -0.55 -0.46 -0.59  0.03  0.24 -0.64
 2019  5 -0.30 -0.05 -0.40 -0.00  0.21 -0.14 -0.60 -0.64 -0.59 -0.25 -0.26 -0.24  0.13  0.33 -0.04 -0.79 -0.92 -0.77  0.94  0.85  1.04 -0.70 -1.02 -0.55  0.47  0.49 -0.83
 2019  6 -0.28 -0.09 -0.35 -0.06  0.07 -0.15 -0.50 -0.45 -0.50 -0.37 -0.35 -0.38  0.09  0.17  0.01 -0.54 -0.49 -0.55 -0.06  0.01 -0.13  0.48 -0.01  0.71  0.83  0.64 -0.42
 2019  7 -0.20 -0.25 -0.18 -0.27 -0.17 -0.34 -0.13 -0.41 -0.07 -0.48 -0.50 -0.47 -0.18 -0.10 -0.26  0.07 -0.30  0.14 -0.11 -0.02 -0.22 -0.11  0.38 -0.34 -0.10 -0.20 -0.77
 2019  8 -0.18 -0.24 -0.16 -0.35 -0.27 -0.39 -0.01 -0.15  0.01 -0.66 -0.61 -0.68 -0.23 -0.21 -0.26  0.38  0.26  0.41 -0.01 -0.14  0.14  1.09  1.89  0.71 -0.03 -0.16 -0.18
 2019  9 -0.18 -0.33 -0.11 -1.46 -1.23 -1.62  1.11  1.68  0.99 -2.24 -2.28 -2.23 -1.13 -0.98 -1.26  2.94  4.75  2.62 -0.29 -0.18 -0.41 13.23 15.01 12.39 -1.34 -1.25 -1.70
 2019 10 -0.13  0.05 -0.20 -0.68 -0.60 -0.72  0.42  1.53  0.19 -0.93 -0.98 -0.91 -0.59 -0.52 -0.65  1.18  3.48  0.77 -0.78 -0.64 -0.93  7.80 10.11  6.70 -0.10 -0.21 -1.21
 2019 11 -0.14  0.22 -0.28 -0.28 -0.21 -0.33 -0.00  1.18 -0.25 -0.78 -0.79 -0.78 -0.05 -0.07 -0.03  0.43  2.70  0.03 -0.61 -0.39 -0.87  5.42  8.83  3.80  0.03  0.18 -0.93
 2019 12 -0.06 -0.17 -0.02 -0.04 -0.23  0.09 -0.09 -0.04 -0.10 -0.49 -0.48 -0.49  0.19 -0.15  0.49  0.14  0.28  0.11  0.50  0.00  1.06  0.46  1.06  0.17  1.50  1.90 -0.19
 2020  1  0.17  0.16  0.18  0.09  0.27 -0.03  0.26 -0.07  0.33 -0.02 -0.11  0.00  0.12  0.35 -0.08  0.43  0.02  0.50 -3.00 -2.31 -3.80  0.05 -0.08  0.12  1.57  1.52  0.21
 2020  2  0.46  0.12  0.60 -0.06 -0.21  0.05  0.98  0.86  1.01  0.79  0.75  0.80 -0.52 -0.50 -0.55  1.11  1.03  1.12 -5.76 -5.06 -6.55  0.67  0.87  0.58  2.46  1.95  1.30
 2020  3  0.51  0.20  0.64  0.16 -0.07  0.30  0.86  0.80  0.88  0.85  0.81  0.86 -0.24 -0.32 -0.17  0.91  0.85  0.92 -5.88 -5.20 -6.66  0.52  0.41  0.56 -0.39 -2.10  1.46
 2020  4  0.22  0.13  0.26  0.08  0.10  0.06  0.37  0.20  0.40  0.18  0.18  0.18  0.01  0.07 -0.04  0.48  0.25  0.52 -3.58 -2.85 -4.43 -0.33  0.01 -0.48  1.58  1.40  0.33
 2020  5 -0.19 -0.20 -0.19 -0.19 -0.19 -0.20 -0.20 -0.23 -0.19 -0.55 -0.52 -0.56  0.01 -0.10  0.12 -0.03 -0.02 -0.03  0.32  0.18  0.48 -0.54  0.07 -0.83  0.16  0.29  0.13
 2020  6 -0.41 -0.36 -0.43 -0.33 -0.21 -0.41 -0.48 -0.68 -0.44 -0.41 -0.45 -0.40 -0.28 -0.15 -0.39 -0.54 -0.84 -0.48  0.46  0.50  0.42 -0.72 -1.32 -0.43 -0.38 -0.12 -0.55
 2020  7 -0.53 -0.51 -0.54 -0.62 -0.53 -0.68 -0.45 -0.48 -0.44 -0.49 -0.58 -0.46 -0.66 -0.50 -0.80 -0.46 -0.43 -0.46 -0.11  0.03 -0.27 -0.77  0.13 -1.19 -0.80 -0.64 -0.61
 2020  8 -0.51 -0.48 -0.52 -0.69 -0.65 -0.72 -0.33 -0.09 -0.38 -0.57 -0.66 -0.55 -0.72 -0.63 -0.80 -0.23  0.28 -0.32 -0.48 -0.32 -0.66 -0.55  0.56 -1.07 -0.58 -0.41  0.62
 2020  9 -0.49 -0.79 -0.37 -0.60 -0.69 -0.53 -0.38 -1.01 -0.26 -0.28 -0.37 -0.25 -0.74 -0.77 -0.70 -0.47 -1.50 -0.28 -0.15 -0.44  0.17 -2.37 -3.42 -1.87 -1.00 -0.94 -0.55
 2020 10 -0.46 -0.64 -0.39 -0.08 -0.20 -0.01 -0.84 -1.63 -0.68  0.70  0.63  0.72 -0.45 -0.40 -0.49 -1.70 -3.39 -1.40 -0.01  0.05 -0.09 -6.03 -8.23 -4.99 -1.14 -1.12  0.25
 2020 11 -0.23 -0.96  0.05  0.06 -0.39  0.34 -0.52 -2.24 -0.16  1.30  1.26  1.31 -0.53 -0.78 -0.30 -1.55 -5.03 -0.94 -1.85 -2.08 -1.58 -8.79-13.46 -6.57 -0.32 -1.04  0.54
 2020 12 -0.12 -0.38 -0.02  0.21 -0.04  0.36 -0.44 -1.16 -0.29  0.78  0.71  0.80 -0.03 -0.21  0.13 -1.16 -2.67 -0.89 -1.02 -0.36 -1.77 -4.40 -6.45 -3.42 -0.43  0.13 -0.13
 2021  1 -0.36 -0.41 -0.35 -0.11 -0.45  0.10 -0.61 -0.33 -0.67 -0.16 -0.42 -0.09 -0.05 -0.40  0.27 -0.89 -0.40 -0.98  5.66  4.34  7.18 -0.17  0.08 -0.29 -0.02  0.70 -0.50
 2021  2 -0.26 -0.12 -0.31 -0.37 -0.21 -0.47 -0.15  0.10 -0.20  0.22  0.11  0.26 -0.61 -0.29 -0.90 -0.41  0.07 -0.50  0.30  0.94 -0.43  0.12  0.45 -0.04 -1.42 -1.51 -0.11
 2021  3 -0.16 -0.66  0.04 -0.57 -1.14 -0.20  0.24  0.40  0.21  0.73  0.64  0.76 -1.22 -1.57 -0.92 -0.04  0.11 -0.06 -3.12 -3.31 -2.91 -0.23 -0.30 -0.20 -1.01 -1.52  0.71
 2021  4 -0.08 -0.15 -0.05 -0.24 -0.29 -0.21  0.09  0.18  0.07  0.48  0.40  0.51 -0.62 -0.48 -0.75 -0.12  0.03 -0.14 -4.22 -3.42 -5.15  0.28  0.74  0.06  0.45 -0.40 -0.84
 2021  5 -0.16 -0.14 -0.17 -0.10 -0.12 -0.09 -0.22 -0.17 -0.23 -0.11 -0.11 -0.11 -0.10 -0.12 -0.07 -0.27 -0.20 -0.29 -0.71 -0.69 -0.73 -0.02 -0.38  0.15  0.13  0.04 -0.14
 2021  6 -0.13  0.00 -0.19  0.09 -0.02  0.16 -0.36  0.05 -0.44  0.34  0.34  0.34 -0.03 -0.11  0.03 -0.73 -0.17 -0.83 -0.02 -0.17  0.14 -1.42 -1.24 -1.50 -0.51 -0.41  0.66
 2021  7 -0.22 -0.02 -0.29  0.24  0.09  0.33 -0.67 -0.28 -0.75  0.44  0.40  0.45  0.13  0.00  0.24 -1.26 -0.77 -1.34 -0.13 -0.17 -0.08 -2.08 -1.91 -2.15 -0.03 -0.09  0.24
 2021  8 -0.23 -0.15 -0.26 -0.02 -0.10  0.03 -0.44 -0.26 -0.48  0.24  0.16  0.26 -0.16 -0.16 -0.15 -0.80 -0.57 -0.84 -0.45 -0.60 -0.28 -2.13 -2.17 -2.11 -0.09 -0.09  0.64
 2021  9 -0.15 -0.25 -0.11  0.19 -0.06  0.35 -0.49 -0.67 -0.45  0.62  0.54  0.65 -0.03 -0.23  0.15 -1.09 -1.56 -1.00 -0.75 -0.73 -0.78 -3.75 -4.29 -3.49  0.30  0.35  0.47
 2021 10 -0.11 -0.16 -0.10  0.38  0.14  0.53 -0.60 -0.82 -0.56  0.81  0.70  0.85  0.17  0.00  0.32 -1.37 -2.01 -1.26  0.59  0.42  0.79 -6.89 -6.91 -6.88  0.32  0.73  1.55
 2021 11 -0.13 -0.36 -0.04  0.40  0.25  0.50 -0.66 -1.73 -0.44  0.49  0.34  0.53  0.38  0.23  0.51 -1.28 -3.29 -0.92 -0.66 -0.25 -1.14 -6.69 -9.03 -5.57 -0.17 -0.09  0.79
 2021 12 -0.15 -0.36 -0.06 -0.02 -0.14  0.06 -0.28 -0.86 -0.15  0.40  0.15  0.47 -0.23 -0.23 -0.24 -0.63 -1.57 -0.47 -2.07 -1.70 -2.51 -3.14 -4.87 -2.32 -0.77 -1.00  1.12
 2022  1 -0.13 -0.34 -0.05 -0.27 -0.54 -0.10  0.02  0.12 -0.01  0.60  0.61  0.60 -0.76 -0.87 -0.66 -0.27 -0.19 -0.29 -5.35 -4.74 -6.05 -0.40 -0.46 -0.37  0.33 -0.11  0.28
 2022  2  0.04 -0.27  0.17 -0.47 -0.81 -0.25  0.55  0.93  0.48  1.41  1.42  1.40 -1.44 -1.39 -1.49  0.09  0.54  0.01 -8.83 -7.77-10.06 -0.16 -0.19 -0.14 -0.59 -1.60  1.43
 2022  3 -0.07 -0.51  0.10 -0.03 -0.80  0.46 -0.11  0.14 -0.16  0.36  0.24  0.40 -0.25 -1.08  0.50 -0.35  0.07 -0.43 -0.42 -1.06  0.31 -0.23 -0.28 -0.20  0.55  0.97  0.56
 2022  4 -0.25 -0.23 -0.26 -0.06 -0.17  0.01 -0.44 -0.35 -0.46 -0.09 -0.19 -0.06 -0.03 -0.18  0.11 -0.64 -0.43 -0.68  3.07  2.52  3.71 -0.63 -0.91 -0.49 -0.08  0.24 -0.57
 2022  5 -0.22 -0.16 -0.24 -0.03 -0.10  0.02 -0.41 -0.29 -0.43  0.21  0.12  0.23 -0.15 -0.15 -0.14 -0.74 -0.61 -0.76  0.11  0.18  0.03 -1.43 -1.50 -1.39 -0.32 -0.27 -0.02
 2022  6 -0.31 -0.23 -0.34 -0.10 -0.23 -0.03 -0.52 -0.22 -0.58  0.34  0.28  0.36 -0.34 -0.37 -0.31 -0.97 -0.57 -1.04 -0.30 -0.26 -0.35 -1.18 -0.73 -1.40 -0.61 -0.55 -0.35
 2022  7 -0.39 -0.23 -0.46 -0.07 -0.15 -0.01 -0.72 -0.41 -0.78  0.32  0.17  0.37 -0.27 -0.26 -0.28 -1.27 -0.78 -1.36 -0.27 -0.31 -0.22 -0.63 -0.59 -0.65 -0.46 -0.34 -0.58
 2022  8 -0.40 -0.07 -0.53  0.11 -0.09  0.24 -0.91 -0.04 -1.10  0.87  0.75  0.90 -0.26 -0.30 -0.23 -1.87 -0.68 -2.09 -0.18 -0.24 -0.10 -1.43 -1.42 -1.44 -0.36 -0.29 -0.02
 2022  9 -0.38 -0.18 -0.46  0.03 -0.07  0.09 -0.80 -0.45 -0.87  0.85  0.75  0.88 -0.38 -0.27 -0.48 -1.69 -1.39 -1.74 -0.21  0.12 -0.58 -2.57 -3.09 -2.31 -0.60 -0.43 -0.17
 2022 10 -0.39 -0.35 -0.41  0.23 -0.02  0.38 -1.01 -1.11 -0.99  1.27  1.18  1.30 -0.26 -0.30 -0.22 -2.28 -2.93 -2.16  0.27  0.10  0.47 -6.65 -7.62 -6.18  0.21  0.37  0.08
 2022 11 -0.27 -0.29 -0.27  0.20 -0.01  0.34 -0.75 -0.93 -0.71  1.37  1.26  1.40 -0.32 -0.29 -0.34 -1.96 -2.75 -1.82 -0.31 -0.17 -0.47 -6.38 -7.25 -5.97 -0.34 -0.46  0.30
 2022 12 -0.21 -0.22 -0.20 -0.23 -0.30 -0.18 -0.18 -0.03 -0.21  1.17  1.09  1.20 -0.89 -0.65 -1.10 -0.98 -0.95 -0.98 -2.09 -1.75 -2.48 -2.10 -2.57 -1.87 -1.48 -2.31  0.47
 2023  1 -0.13 -0.39 -0.03 -0.35 -0.80 -0.06  0.08  0.52 -0.01  1.11  1.06  1.12 -1.03 -1.22 -0.85 -0.54 -0.07 -0.63 -3.17 -2.85 -3.54 -0.65 -0.42 -0.76  1.24  1.50  0.12
 Year Mo Globe  Land Ocean   NH   Land Ocean   SH   Land Ocean Trpcs  Land Ocean NoExt  Land Ocean SoExt  Land Ocean NoPol  Land Ocean SoPol  Land Ocean USA48 USA49  AUST
 
 Trend   -0.27 -0.28 -0.26 -0.26 -0.28 -0.25 -0.27 -0.29 -0.26 -0.21 -0.23 -0.21 -0.29 -0.29 -0.28 -0.30 -0.34 -0.29 -0.26 -0.27 -0.26 -0.35 -0.44 -0.31 -0.28 -0.27 -0.25
 
  NOTE:  Version 6.0 as of April 2015
  NOTE:  New Reference for annual cycle 1991-2020
  NOTE:  Version 5.6 as of Jun 2013
  NOTE:  3/13 More accurate grid weighting for USA48
  NOTE:  3/13 Alaska added in USA49, Australia added
 
  GL 90S-90N, NH 0-90N, SH 90S-0, TRPCS 20S-20N
  NoExt 20N-90N, SoExt 90S-20S, NoPol 60N-90N, SoPol 90S-60S
  
