 Year Mo Globe  Land Ocean   NH   Land Ocean   SH   Land Ocean Trpcs  Land Ocean NoExt  Land Ocean SoExt  Land Ocean NoPol  Land Ocean SoPol  Land Ocean USA48 USA49  AUST
 1978 12 -0.30 -0.35 -0.28 -0.34 -0.39 -0.31 -0.26 -0.26 -0.26 -0.36 -0.36 -0.36 -0.34 -0.42 -0.28 -0.19 -0.13 -0.20 -0.48 -0.80 -0.13  0.39  0.53  0.33 -0.97 -0.99 -1.05
 1979  1 -0.29 -0.41 -0.25 -0.45 -0.59 -0.35 -0.14 -0.01 -0.17 -0.27 -0.32 -0.25 -0.54 -0.65 -0.44 -0.08  0.18 -0.12 -0.76 -1.01 -0.48  0.23  0.26  0.22 -2.02 -1.52  0.64
 1979  2 -0.28 -0.30 -0.27 -0.24 -0.27 -0.21 -0.32 -0.36 -0.31 -0.29 -0.19 -0.32 -0.21 -0.30 -0.13 -0.33 -0.45 -0.31 -1.16 -1.33 -0.97 -0.40 -0.67 -0.27 -1.19 -1.16 -0.31
 1979  3 -0.22 -0.22 -0.22 -0.20 -0.16 -0.22 -0.24 -0.36 -0.21 -0.24 -0.29 -0.22 -0.18 -0.12 -0.24 -0.23 -0.40 -0.20  0.19  0.36 -0.00 -0.26 -0.72 -0.04 -0.54 -0.28  0.12
 1979  4 -0.23 -0.31 -0.19 -0.25 -0.34 -0.19 -0.21 -0.26 -0.19 -0.13 -0.15 -0.12 -0.31 -0.41 -0.23 -0.24 -0.27 -0.24 -0.26 -0.28 -0.23 -0.21  0.20 -0.41 -0.67 -0.52 -0.68
 1979  5 -0.26 -0.40 -0.20 -0.32 -0.38 -0.28 -0.19 -0.43 -0.14 -0.21 -0.29 -0.19 -0.36 -0.40 -0.33 -0.19 -0.57 -0.13 -0.58 -0.45 -0.73 -0.28 -0.61 -0.12 -0.51 -0.49 -0.59
 1979  6 -0.27 -0.45 -0.19 -0.35 -0.45 -0.28 -0.19 -0.45 -0.13 -0.12 -0.21 -0.09 -0.45 -0.51 -0.39 -0.24 -0.67 -0.17 -0.54 -0.79 -0.25 -1.23 -1.73 -1.00 -0.47 -0.52 -0.17
 1979  7 -0.22 -0.44 -0.14 -0.15 -0.28 -0.07 -0.30 -0.81 -0.19 -0.20 -0.31 -0.17 -0.15 -0.31 -0.02 -0.31 -1.07 -0.18 -0.23 -0.35 -0.09 -1.01 -1.95 -0.56 -0.17 -0.13 -0.69
 1979  8 -0.30 -0.40 -0.27 -0.22 -0.26 -0.20 -0.39 -0.71 -0.32 -0.16 -0.13 -0.17 -0.27 -0.32 -0.23 -0.49 -1.04 -0.39 -0.21 -0.26 -0.16 -1.29 -1.85 -1.02 -0.59 -0.33 -0.58
 1979  9 -0.30 -0.41 -0.26 -0.27 -0.30 -0.25 -0.33 -0.64 -0.26 -0.19 -0.24 -0.18 -0.32 -0.32 -0.32 -0.39 -0.94 -0.30 -0.16 -0.08 -0.25 -0.54 -1.06 -0.30  0.32  0.37 -0.54
 1979 10 -0.07 -0.19 -0.02 -0.13 -0.24 -0.06 -0.01 -0.10  0.01 -0.14 -0.16 -0.13 -0.14 -0.25 -0.05  0.07 -0.07  0.10 -0.24 -0.28 -0.19  0.30  0.14  0.38  0.17  0.29 -0.17
 1979 11 -0.07  0.02 -0.11  0.08  0.10  0.06 -0.22 -0.16 -0.23 -0.07 -0.15 -0.04  0.15  0.16  0.15 -0.30 -0.12 -0.33  0.13  0.41 -0.19  0.04  0.14 -0.01 -0.73 -0.31 -0.17
 1979 12 -0.06  0.08 -0.12 -0.06  0.03 -0.12 -0.06  0.21 -0.12 -0.23 -0.34 -0.19  0.03  0.15 -0.07  0.02  0.56 -0.08 -0.35 -0.14 -0.60  1.24  1.68  1.03  1.03  0.40 -0.29
 1980  1 -0.11 -0.38 -0.01 -0.22 -0.54 -0.01 -0.01 -0.02 -0.01 -0.02 -0.05 -0.02 -0.35 -0.67 -0.05  0.02  0.01  0.03 -0.53 -0.49 -0.57  0.57  0.63  0.54 -0.59 -0.75 -0.18
 1980  2 -0.00 -0.11  0.04 -0.09 -0.23 -0.01  0.09  0.15  0.07  0.01 -0.09  0.04 -0.16 -0.24 -0.09  0.14  0.27  0.12  0.16  0.45 -0.16  0.56  0.51  0.58 -0.62 -0.37  0.63
 1980  3 -0.05 -0.13 -0.02 -0.11 -0.29  0.01 -0.00  0.23 -0.05 -0.10 -0.14 -0.09 -0.12 -0.35  0.08  0.06  0.57 -0.03  0.47  0.28  0.69  0.67  1.04  0.49 -0.73 -0.52  0.16
 1980  4  0.02  0.04  0.01 -0.07 -0.09 -0.06  0.11  0.34  0.06 -0.07 -0.09 -0.06 -0.08 -0.10 -0.06  0.20  0.69  0.12  0.18  0.16  0.20  1.08  1.89  0.70 -0.27 -0.25 -0.07
 1980  5  0.08  0.06  0.09 -0.01 -0.03 -0.00  0.18  0.28  0.15  0.01 -0.04  0.02 -0.03 -0.04 -0.01  0.26  0.54  0.21  0.01 -0.12  0.17  0.78  1.07  0.64 -0.21 -0.17  0.08
 1980  6  0.10 -0.04  0.15  0.07 -0.04  0.15  0.12 -0.03  0.16  0.11 -0.05  0.15  0.04 -0.06  0.13  0.14  0.02  0.16 -0.01 -0.20  0.20  0.44  0.43  0.45 -0.00  0.07  0.03
 1980  7 -0.05  0.01 -0.08 -0.05 -0.09 -0.03 -0.05  0.25 -0.11 -0.07 -0.14 -0.05 -0.07 -0.09 -0.05 -0.01  0.59 -0.12 -0.54 -0.50 -0.58  1.09  2.04  0.63  0.45  0.35 -0.37
 1980  8 -0.11 -0.09 -0.12 -0.16 -0.19 -0.13 -0.07  0.14 -0.11 -0.15 -0.22 -0.13 -0.17 -0.20 -0.15 -0.01  0.46 -0.09 -0.09  0.03 -0.23  0.58  1.23  0.28 -0.06 -0.18  0.04
 1980  9 -0.11 -0.16 -0.10 -0.19 -0.30 -0.12 -0.04  0.17 -0.08 -0.02 -0.11  0.01 -0.29 -0.37 -0.21 -0.04  0.43 -0.12 -0.39 -0.33 -0.45  0.41  1.14  0.07 -0.02 -0.08  0.70
 1980 10 -0.18 -0.22 -0.16 -0.14 -0.17 -0.12 -0.21 -0.34 -0.19 -0.12 -0.15 -0.11 -0.16 -0.18 -0.14 -0.25 -0.45 -0.22  0.57  0.67  0.44 -0.88 -0.92 -0.86 -0.52 -0.32 -0.02
 1980 11 -0.12  0.00 -0.17 -0.11  0.00 -0.18 -0.13 -0.01 -0.16 -0.22 -0.28 -0.21 -0.08  0.08 -0.22 -0.06  0.19 -0.10 -0.89 -0.58 -1.24  0.23  0.88 -0.07 -0.14 -0.18  0.13
 1980 12 -0.21 -0.15 -0.23 -0.24 -0.18 -0.28 -0.18 -0.10 -0.19 -0.24 -0.30 -0.22 -0.25 -0.13 -0.35 -0.14  0.02 -0.17 -1.10 -0.75 -1.51  0.36  0.69  0.20  0.59  0.21 -0.46
 1981  1 -0.12  0.01 -0.17 -0.17  0.09 -0.34 -0.07 -0.16 -0.05 -0.22 -0.30 -0.19 -0.14  0.21 -0.46  0.01 -0.11  0.03  0.02  0.70 -0.75  0.00 -0.18  0.09  0.51  0.82  0.17
 1981  2 -0.03 -0.04 -0.03 -0.17 -0.08 -0.23  0.11  0.05  0.12 -0.28 -0.35 -0.26 -0.12  0.00 -0.23  0.31  0.32  0.31  0.12  0.31 -0.10  0.41  0.40  0.41 -0.00 -0.07  0.38
 1981  3 -0.12 -0.22 -0.08 -0.27 -0.35 -0.23  0.03  0.06  0.02 -0.26 -0.32 -0.24 -0.28 -0.31 -0.26  0.18  0.22  0.17  0.63  0.43  0.86  0.99  1.49  0.75 -1.39 -1.00 -1.25
 1981  4 -0.15  0.02 -0.22  0.06  0.25 -0.06 -0.36 -0.49 -0.34 -0.16 -0.13 -0.17  0.14  0.33 -0.03 -0.43 -0.72 -0.38 -0.04 -0.08  0.01 -0.34 -0.93 -0.06  1.20  0.95 -0.18
 1981  5 -0.16 -0.25 -0.13 -0.20 -0.28 -0.15 -0.12 -0.16 -0.12 -0.20 -0.26 -0.18 -0.22 -0.30 -0.15 -0.06 -0.05 -0.06 -0.33 -0.28 -0.38  0.38  0.07  0.53 -0.53 -0.32 -0.61
 1981  6 -0.22 -0.28 -0.19 -0.16 -0.22 -0.13 -0.27 -0.41 -0.24 -0.24 -0.29 -0.23 -0.15 -0.22 -0.09 -0.25 -0.44 -0.22 -0.28 -0.24 -0.32  0.10  0.16  0.07  0.46  0.18 -0.39
 1981  7 -0.17 -0.02 -0.23 -0.11 -0.04 -0.16 -0.23  0.01 -0.28 -0.30 -0.41 -0.27 -0.02  0.05 -0.09 -0.19  0.37 -0.29 -0.24 -0.24 -0.24  0.66  1.56  0.23  0.21  0.11 -0.34
 1981  8 -0.15 -0.05 -0.19 -0.10 -0.12 -0.08 -0.20  0.11 -0.27 -0.30 -0.33 -0.29 -0.00 -0.09  0.07 -0.14  0.51 -0.25  0.04  0.10 -0.03  0.65  1.80  0.11 -0.14 -0.18 -0.25
 1981  9 -0.29 -0.26 -0.30 -0.31 -0.36 -0.28 -0.26 -0.02 -0.31 -0.27 -0.39 -0.23 -0.35 -0.38 -0.33 -0.24  0.30 -0.34 -0.22 -0.36 -0.06  0.47  1.06  0.19 -0.40 -0.53  0.34
 1981 10 -0.26 -0.32 -0.24 -0.17 -0.24 -0.13 -0.34 -0.49 -0.31 -0.17 -0.27 -0.14 -0.20 -0.26 -0.13 -0.42 -0.58 -0.39  0.24  0.38  0.07 -0.65 -0.36 -0.79 -0.39 -0.26 -0.54
 1981 11 -0.16 -0.12 -0.17 -0.08 -0.04 -0.10 -0.24 -0.30 -0.23 -0.19 -0.21 -0.18 -0.03  0.02 -0.07 -0.26 -0.43 -0.23  0.43  0.63  0.20 -0.85 -1.00 -0.78  0.52  0.45 -0.19
 1981 12 -0.02  0.07 -0.06 -0.03  0.03 -0.07 -0.02  0.16 -0.06 -0.20 -0.10 -0.23  0.04  0.06  0.03  0.09  0.35  0.05  0.22  0.29  0.15  0.49  0.88  0.30  0.08  0.01  0.36
 1982  1 -0.20 -0.34 -0.15 -0.23 -0.42 -0.11 -0.17 -0.15 -0.17 -0.28 -0.28 -0.28 -0.20 -0.45  0.02 -0.12 -0.09 -0.13 -0.63 -0.84 -0.39  0.24  0.10  0.31 -1.01 -0.85  0.11
 1982  2 -0.21 -0.38 -0.15 -0.29 -0.48 -0.17 -0.13 -0.16 -0.13 -0.36 -0.38 -0.35 -0.24 -0.47 -0.03 -0.03 -0.08 -0.02  0.12  0.10  0.15 -0.06 -0.00 -0.09 -0.35 -0.42 -0.13
 1982  3 -0.23 -0.55 -0.10 -0.35 -0.60 -0.19 -0.11 -0.43 -0.04 -0.21 -0.25 -0.19 -0.42 -0.66 -0.22 -0.06 -0.67  0.05 -0.79 -0.90 -0.66 -0.60 -1.51 -0.17 -0.20 -0.09  0.02
 1982  4 -0.27 -0.39 -0.23 -0.28 -0.26 -0.29 -0.27 -0.69 -0.19 -0.35 -0.43 -0.32 -0.24 -0.22 -0.26 -0.24 -0.88 -0.12 -0.08  0.04 -0.22 -0.63 -1.28 -0.32 -0.86 -0.90 -0.69
 1982  5 -0.26 -0.31 -0.25 -0.33 -0.35 -0.31 -0.20 -0.20 -0.20 -0.21 -0.33 -0.17 -0.40 -0.37 -0.43 -0.18 -0.07 -0.20 -0.60 -0.53 -0.67  0.32  0.12  0.42 -0.26 -0.47 -0.29
 1982  6 -0.20 -0.42 -0.11 -0.22 -0.40 -0.11 -0.17 -0.46 -0.11 -0.08 -0.24 -0.03 -0.32 -0.47 -0.19 -0.20 -0.55 -0.13 -0.34 -0.36 -0.32 -0.08 -0.49  0.12 -1.00 -0.88 -0.33
 1982  7 -0.34 -0.35 -0.34 -0.31 -0.37 -0.27 -0.37 -0.30 -0.39 -0.21 -0.24 -0.20 -0.38 -0.42 -0.34 -0.44 -0.28 -0.47 -0.17 -0.20 -0.12 -0.28  0.22 -0.51 -0.35 -0.32 -0.83
 1982  8 -0.26 -0.33 -0.24 -0.31 -0.28 -0.32 -0.22 -0.44 -0.17 -0.20 -0.33 -0.16 -0.37 -0.31 -0.43 -0.21 -0.40 -0.18 -0.41 -0.44 -0.38 -0.78 -1.28 -0.55 -0.20 -0.20  0.36
 1982  9 -0.26 -0.33 -0.23 -0.20 -0.18 -0.22 -0.32 -0.69 -0.24 -0.18 -0.26 -0.15 -0.24 -0.19 -0.29 -0.36 -0.91 -0.27 -0.55 -0.32 -0.80 -1.13 -1.86 -0.79 -0.29 -0.19 -0.76
 1982 10 -0.33 -0.50 -0.26 -0.45 -0.47 -0.44 -0.21 -0.57 -0.13 -0.41 -0.53 -0.37 -0.47 -0.46 -0.47 -0.11 -0.60 -0.02 -0.73 -0.79 -0.67  0.04 -0.70  0.39 -0.39 -0.65 -0.87
 1982 11 -0.15 -0.30 -0.09 -0.38 -0.50 -0.31  0.08  0.16  0.07 -0.07 -0.22 -0.02 -0.52 -0.56 -0.49  0.14  0.40  0.09 -1.16 -1.08 -1.26  0.49  0.88  0.30 -0.28 -0.37 -0.09
 1982 12 -0.06  0.03 -0.09 -0.02 -0.02 -0.02 -0.10  0.13 -0.15  0.04 -0.08  0.07 -0.05 -0.00 -0.08 -0.17  0.29 -0.26 -0.68 -0.49 -0.89  0.63  1.34  0.29  0.85  0.82 -0.65
 1983  1  0.10  0.07  0.11  0.12  0.00  0.20  0.08  0.21  0.05  0.62  0.33  0.70 -0.13 -0.01 -0.23 -0.21 -0.09 -0.23 -1.29 -0.82 -1.83  0.31  0.30  0.31  0.74  0.48 -0.82
 1983  2 -0.09 -0.19 -0.05 -0.15 -0.35 -0.03 -0.02  0.16 -0.06  0.50  0.37  0.53 -0.49 -0.49 -0.50 -0.30 -0.15 -0.33 -0.61 -0.25 -1.02 -0.08 -0.20 -0.03 -0.02 -0.05 -0.25
 1983  3  0.24 -0.02  0.34  0.19 -0.10  0.38  0.29  0.14  0.32  0.62  0.53  0.65 -0.05 -0.24  0.12  0.13 -0.22  0.19  0.66  0.46  0.89 -0.34 -0.77 -0.13 -0.35 -0.23  0.04
 1983  4  0.15 -0.10  0.25 -0.01 -0.23  0.13  0.30  0.18  0.33  0.45  0.38  0.47 -0.25 -0.39 -0.13  0.23  0.02  0.27  0.02  0.10 -0.07  0.32  0.38  0.29 -1.62 -1.40 -0.52
 1983  5  0.12 -0.03  0.18 -0.08 -0.27  0.04  0.33  0.51  0.29  0.35  0.42  0.32 -0.31 -0.44 -0.20  0.32  0.57  0.28 -0.84 -0.92 -0.74  0.83  1.30  0.61 -0.98 -0.91  0.39
 1983  6 -0.16 -0.42 -0.05 -0.26 -0.52 -0.08 -0.06 -0.19 -0.03  0.16  0.12  0.17 -0.49 -0.70 -0.30 -0.16 -0.42 -0.11 -0.45 -0.49 -0.42  0.10  0.03  0.13 -0.75 -0.65 -0.36
 1983  7 -0.02 -0.18  0.05 -0.01 -0.07  0.02 -0.02 -0.44  0.07  0.23  0.27  0.21 -0.16 -0.16 -0.15 -0.13 -0.97  0.02 -0.17 -0.32  0.01 -0.67 -1.43 -0.31  0.13  0.05 -0.79
 1983  8 -0.01  0.05 -0.03  0.06  0.15  0.00 -0.07 -0.19 -0.05  0.14  0.13  0.14  0.02  0.14 -0.09 -0.18 -0.37 -0.14 -0.07 -0.06 -0.08 -0.47 -0.52 -0.45  0.61  0.41 -0.44
 1983  9 -0.12  0.01 -0.18 -0.11 -0.04 -0.16 -0.14  0.14 -0.19 -0.04 -0.01 -0.05 -0.14 -0.05 -0.23 -0.19  0.24 -0.27 -0.31 -0.16 -0.48  0.45  0.86  0.25 -0.21 -0.45  0.50
 1983 10 -0.18 -0.16 -0.18 -0.18 -0.02 -0.28 -0.17 -0.47 -0.11 -0.18 -0.25 -0.16 -0.20  0.00 -0.37 -0.15 -0.52 -0.08 -0.69 -0.56 -0.83 -0.86 -1.17 -0.71  0.29  0.10 -0.00
 1983 11 -0.14 -0.09 -0.16 -0.05  0.11 -0.14 -0.23 -0.53 -0.16 -0.29 -0.36 -0.27  0.06  0.23 -0.09 -0.17 -0.65 -0.09 -0.23  0.17 -0.69 -0.41 -1.24 -0.02  0.15  0.22 -0.04
 1983 12 -0.33 -0.40 -0.31 -0.27 -0.34 -0.23 -0.39 -0.54 -0.37 -0.47 -0.55 -0.45 -0.17 -0.29 -0.05 -0.36 -0.49 -0.33 -0.08  0.14 -0.34 -0.39 -0.58 -0.31 -1.31 -0.79 -0.62
 1984  1 -0.48 -0.46 -0.49 -0.54 -0.46 -0.58 -0.43 -0.47 -0.42 -0.57 -0.63 -0.55 -0.51 -0.44 -0.58 -0.36 -0.28 -0.37 -1.63 -1.11 -2.23  0.04  0.03  0.05 -0.41 -0.57 -0.97
 1984  2 -0.38 -0.55 -0.31 -0.47 -0.58 -0.40 -0.29 -0.49 -0.25 -0.41 -0.45 -0.40 -0.48 -0.63 -0.35 -0.25 -0.46 -0.21 -0.77 -0.77 -0.78 -0.38 -0.74 -0.21  0.24 -0.05 -0.63
 1984  3 -0.25 -0.19 -0.27 -0.32 -0.22 -0.38 -0.18 -0.13 -0.19 -0.30 -0.31 -0.29 -0.33 -0.20 -0.43 -0.12  0.03 -0.14  0.84  0.90  0.77  0.22  0.50  0.09 -0.91 -0.50 -0.59
 1984  4 -0.32 -0.39 -0.29 -0.37 -0.41 -0.34 -0.27 -0.35 -0.25 -0.32 -0.33 -0.32 -0.40 -0.46 -0.35 -0.23 -0.28 -0.22 -0.48 -0.58 -0.37 -0.08  0.01 -0.13 -0.74 -0.95 -0.52
 1984  5 -0.23 -0.18 -0.26 -0.38 -0.33 -0.41 -0.09  0.16 -0.14 -0.43 -0.32 -0.46 -0.36 -0.33 -0.39  0.09  0.52  0.02 -0.32 -0.28 -0.37  1.34  1.87  1.09 -0.25 -0.52 -0.53
 1984  6 -0.26 -0.26 -0.25 -0.22 -0.13 -0.28 -0.29 -0.56 -0.23 -0.47 -0.48 -0.46 -0.08 -0.03 -0.13 -0.20 -0.62 -0.13 -0.08 -0.14 -0.02 -0.47 -0.91 -0.27 -0.37 -0.38 -0.02
 1984  7 -0.36 -0.47 -0.32 -0.43 -0.38 -0.46 -0.30 -0.68 -0.22 -0.70 -0.70 -0.70 -0.30 -0.31 -0.30 -0.07 -0.60  0.03  0.01 -0.06  0.09 -0.39 -0.48 -0.35 -0.36 -0.38 -0.96
 1984  8 -0.31 -0.40 -0.28 -0.32 -0.27 -0.35 -0.31 -0.70 -0.23 -0.44 -0.46 -0.44 -0.28 -0.26 -0.30 -0.22 -0.75 -0.12 -0.11 -0.25  0.05  0.12 -0.31  0.32 -0.15 -0.09 -0.54
 1984  9 -0.70 -0.86 -0.64 -0.67 -0.81 -0.58 -0.73 -0.98 -0.68 -0.77 -0.83 -0.75 -0.64 -0.83 -0.47 -0.70 -1.00 -0.64 -0.21 -0.41  0.02 -0.53 -0.66 -0.47 -0.99 -0.92 -1.70
 1984 10 -0.30 -0.42 -0.26 -0.33 -0.37 -0.31 -0.27 -0.52 -0.22 -0.42 -0.39 -0.42 -0.30 -0.38 -0.23 -0.18 -0.58 -0.11  0.10 -0.05  0.26 -0.49 -1.16 -0.17 -0.85 -0.63 -0.19
 1984 11 -0.34 -0.49 -0.28 -0.45 -0.52 -0.40 -0.23 -0.41 -0.19 -0.55 -0.57 -0.54 -0.39 -0.50 -0.29 -0.07 -0.31 -0.02 -0.58 -0.73 -0.40 -0.07 -0.57  0.17 -0.40 -0.46 -0.10
 1984 12 -0.32 -0.64 -0.19 -0.48 -0.90 -0.22 -0.15 -0.08 -0.17 -0.47 -0.57 -0.44 -0.46 -0.96 -0.02 -0.01  0.22 -0.05  0.04 -0.35  0.48  0.74  1.18  0.54  0.48  0.49  0.18
 1985  1 -0.33 -0.25 -0.37 -0.31 -0.27 -0.34 -0.36 -0.23 -0.38 -0.49 -0.37 -0.52 -0.21 -0.23 -0.20 -0.29 -0.14 -0.32  1.66  1.51  1.84  0.29  0.51  0.18 -1.41 -0.87 -0.70
 1985  2 -0.43 -0.38 -0.44 -0.34 -0.30 -0.37 -0.51 -0.57 -0.50 -0.47 -0.45 -0.48 -0.27 -0.28 -0.26 -0.54 -0.61 -0.53 -0.14 -0.20 -0.08 -0.87 -1.22 -0.71 -1.27 -1.40 -0.26
 1985  3 -0.37 -0.45 -0.33 -0.54 -0.59 -0.50 -0.20 -0.13 -0.21 -0.46 -0.30 -0.50 -0.56 -0.65 -0.48 -0.08 -0.03 -0.09 -0.37 -0.50 -0.22 -0.18 -0.02 -0.26  0.05 -0.14 -0.04
 1985  4 -0.27 -0.20 -0.29 -0.39 -0.20 -0.51 -0.15 -0.20 -0.14 -0.56 -0.57 -0.56 -0.27 -0.10 -0.43  0.05  0.07  0.04 -0.63 -0.49 -0.79  0.32  0.58  0.20  0.21 -0.29 -0.14
 1985  5 -0.35 -0.35 -0.35 -0.34 -0.25 -0.39 -0.36 -0.56 -0.32 -0.44 -0.50 -0.43 -0.27 -0.19 -0.35 -0.32 -0.59 -0.27 -0.20 -0.30 -0.07 -0.51 -0.70 -0.41  0.20  0.06 -0.81
 1985  6 -0.39 -0.45 -0.36 -0.47 -0.49 -0.45 -0.31 -0.34 -0.30 -0.53 -0.70 -0.48 -0.47 -0.48 -0.45 -0.15  0.07 -0.19 -0.52 -0.65 -0.36  0.55  0.53  0.56 -0.40 -0.52 -0.61
 1985  7 -0.60 -0.83 -0.52 -0.75 -0.84 -0.69 -0.46 -0.80 -0.39 -0.90 -0.98 -0.88 -0.68 -0.81 -0.56 -0.22 -0.64 -0.14 -0.69 -0.96 -0.39 -0.27 -1.19  0.17 -0.48 -0.44 -0.51
 1985  8 -0.37 -0.38 -0.37 -0.49 -0.42 -0.53 -0.26 -0.30 -0.25 -0.51 -0.54 -0.51 -0.48 -0.40 -0.56 -0.11 -0.07 -0.12 -0.70 -0.66 -0.73  0.02  0.28 -0.11 -0.67 -0.70 -0.50
 1985  9 -0.46 -0.44 -0.47 -0.45 -0.33 -0.52 -0.48 -0.68 -0.44 -0.53 -0.53 -0.52 -0.42 -0.28 -0.54 -0.45 -0.76 -0.39 -0.14  0.05 -0.37 -0.67 -1.05 -0.49 -0.87 -0.70 -0.83
 1985 10 -0.54 -0.55 -0.54 -0.42 -0.40 -0.43 -0.66 -0.89 -0.61 -0.39 -0.43 -0.38 -0.45 -0.42 -0.48 -0.78 -1.13 -0.71 -0.38 -0.53 -0.20 -0.94 -1.57 -0.65 -0.21 -0.44 -0.95
 1985 11 -0.38 -0.54 -0.31 -0.36 -0.47 -0.29 -0.39 -0.69 -0.33 -0.43 -0.57 -0.39 -0.35 -0.47 -0.24 -0.35 -0.73 -0.29  0.50  0.50  0.49 -0.87 -1.88 -0.40 -0.66 -0.48 -0.21
 1985 12 -0.35 -0.36 -0.34 -0.24 -0.26 -0.23 -0.45 -0.58 -0.42 -0.44 -0.43 -0.45 -0.15 -0.21 -0.10 -0.44 -0.71 -0.39  0.52  0.77  0.23 -0.67 -1.08 -0.47 -1.14 -0.65 -0.31
 1986  1 -0.23 -0.09 -0.29 -0.16  0.03 -0.27 -0.31 -0.36 -0.29 -0.22 -0.27 -0.21 -0.14  0.09 -0.34 -0.33 -0.35 -0.33 -0.64 -0.25 -1.08 -0.29 -0.18 -0.34  0.67  0.62 -0.53
 1986  2 -0.46 -0.41 -0.48 -0.55 -0.50 -0.58 -0.36 -0.18 -0.40 -0.56 -0.63 -0.55 -0.53 -0.47 -0.59 -0.27  0.15 -0.34 -0.40 -0.06 -0.80  0.46  1.24  0.09  0.20  0.27 -0.53
 1986  3 -0.36 -0.42 -0.34 -0.32 -0.44 -0.25 -0.41 -0.39 -0.41 -0.48 -0.58 -0.45 -0.26 -0.42 -0.13 -0.35 -0.19 -0.37 -0.51 -0.51 -0.51  0.01  0.27 -0.12  0.32  0.24 -0.21
 1986  4 -0.25 -0.17 -0.28 -0.30 -0.15 -0.40 -0.20 -0.21 -0.20 -0.35 -0.36 -0.35 -0.27 -0.10 -0.42 -0.13 -0.08 -0.14 -0.20 -0.02 -0.41 -0.02 -0.04 -0.01  0.18 -0.18 -0.23
 1986  5 -0.25 -0.32 -0.23 -0.33 -0.39 -0.30 -0.17 -0.16 -0.17 -0.40 -0.45 -0.38 -0.30 -0.38 -0.23 -0.05  0.09 -0.07 -0.37 -0.52 -0.21  0.14  0.37  0.03 -0.11 -0.28 -0.10
 1986  6 -0.31 -0.37 -0.29 -0.32 -0.32 -0.33 -0.30 -0.49 -0.26 -0.38 -0.44 -0.36 -0.30 -0.29 -0.31 -0.25 -0.49 -0.21 -0.27 -0.50 -0.01 -0.21 -0.73  0.03  0.37  0.26 -0.48
 1986  7 -0.39 -0.56 -0.32 -0.48 -0.54 -0.44 -0.29 -0.59 -0.23 -0.54 -0.73 -0.49 -0.48 -0.53 -0.43 -0.13 -0.36 -0.09 -0.63 -0.61 -0.65  0.32  0.04  0.46 -0.50 -0.44 -1.21
 1986  8 -0.36 -0.62 -0.26 -0.48 -0.60 -0.41 -0.24 -0.66 -0.15 -0.37 -0.48 -0.34 -0.59 -0.67 -0.52 -0.12 -0.68 -0.02 -0.91 -0.71 -1.13 -0.06 -0.61  0.19 -0.70 -0.80 -0.66
 1986  9 -0.43 -0.61 -0.36 -0.53 -0.58 -0.49 -0.34 -0.68 -0.27 -0.41 -0.63 -0.35 -0.60 -0.59 -0.61 -0.28 -0.65 -0.22 -0.72 -0.51 -0.97 -0.42 -1.05 -0.12 -1.17 -0.89 -0.35
 1986 10 -0.43 -0.56 -0.38 -0.43 -0.49 -0.38 -0.44 -0.71 -0.38 -0.29 -0.47 -0.24 -0.52 -0.53 -0.50 -0.49 -0.79 -0.44 -0.45 -0.25 -0.67 -0.55 -0.70 -0.48 -0.66 -0.46 -1.04
 1986 11 -0.20 -0.37 -0.13 -0.33 -0.47 -0.24 -0.06 -0.12 -0.05 -0.23 -0.35 -0.20 -0.40 -0.52 -0.29  0.04  0.08  0.04 -0.57 -0.28 -0.89  0.76  0.36  0.94 -0.08 -0.13 -0.09
 1986 12 -0.10 -0.23 -0.05 -0.16 -0.28 -0.08 -0.04 -0.13 -0.02 -0.08 -0.20 -0.04 -0.21 -0.29 -0.14 -0.01 -0.12  0.01 -1.06 -0.88 -1.26  0.12 -0.20  0.26 -0.10  0.04 -0.49
 1987  1  0.04  0.09  0.03  0.12  0.07  0.15 -0.03  0.12 -0.06  0.05 -0.03  0.07  0.13  0.09  0.17 -0.05  0.26 -0.11  0.39  0.20  0.61  0.04  0.50 -0.17  0.14  0.27  0.00
 1987  2  0.01  0.11 -0.03  0.07  0.21 -0.02 -0.06 -0.13 -0.05  0.00 -0.07  0.02  0.10  0.30 -0.07 -0.09 -0.20 -0.07  0.99  0.97  1.01 -0.02 -0.28  0.11  0.10 -0.00 -0.30
 1987  3 -0.24 -0.42 -0.16 -0.29 -0.50 -0.15 -0.18 -0.25 -0.17 -0.03 -0.05 -0.03 -0.42 -0.61 -0.26 -0.26 -0.44 -0.23  0.09  0.00  0.19 -0.08 -0.22 -0.01 -0.67 -0.59 -1.21
 1987  4  0.02 -0.17  0.10 -0.15 -0.27 -0.07  0.19  0.06  0.22  0.20  0.11  0.22 -0.32 -0.36 -0.29  0.18 -0.00  0.22 -0.58 -0.76 -0.37 -0.37 -0.37 -0.37  0.24 -0.06  0.05
 1987  5 -0.13 -0.34 -0.05 -0.33 -0.39 -0.30  0.06 -0.23  0.13 -0.05 -0.07 -0.04 -0.47 -0.46 -0.47  0.11 -0.40  0.20 -0.60 -0.71 -0.47 -0.14 -0.49  0.03  0.32  0.14 -0.16
 1987  6  0.13 -0.05  0.20  0.02 -0.15  0.13  0.24  0.20  0.25  0.29  0.07  0.35 -0.14 -0.24 -0.06  0.24  0.37  0.21 -0.32 -0.55 -0.06  0.46  1.00  0.20  0.31  0.25 -0.24
 1987  7 -0.00 -0.09  0.03 -0.05 -0.22  0.07  0.04  0.22 -0.00  0.27  0.41  0.23 -0.23 -0.40 -0.08 -0.06  0.11 -0.09 -0.34 -0.51 -0.14  0.27  0.68  0.08 -0.24 -0.21 -0.69
 1987  8 -0.11 -0.33 -0.02 -0.13 -0.27 -0.05 -0.08 -0.49  0.01  0.22  0.20  0.23 -0.31 -0.40 -0.23 -0.25 -0.96 -0.12 -0.51 -0.52 -0.51 -0.75 -1.87 -0.21 -0.34 -0.27 -0.30
 1987  9 -0.17 -0.22 -0.15 -0.07 -0.14 -0.02 -0.27 -0.41 -0.24  0.26  0.27  0.26 -0.25 -0.27 -0.24 -0.53 -0.86 -0.47 -0.78 -0.63 -0.96 -0.91 -0.95 -0.90 -0.66 -0.72 -0.74
 1987 10 -0.01 -0.10  0.02  0.07 -0.11  0.18 -0.10 -0.09 -0.10  0.34  0.27  0.36 -0.06 -0.20  0.06 -0.34 -0.37 -0.34  0.59  0.42  0.78 -0.97 -0.60 -1.14 -0.58 -0.47 -0.05
 1987 11  0.03 -0.03  0.05  0.15  0.07  0.20 -0.09 -0.25 -0.05  0.42  0.35  0.44 -0.00 -0.01  0.01 -0.35 -0.69 -0.29 -0.12 -0.18 -0.06 -1.89 -2.32 -1.69  0.23  0.23  0.42
 1987 12  0.31  0.40  0.27  0.51  0.54  0.50  0.10  0.09  0.11  0.48  0.42  0.50  0.51  0.58  0.45 -0.08 -0.20 -0.06  1.30  0.98  1.66 -0.14 -0.33 -0.05  0.23  0.12  0.23
 1988  1  0.03 -0.06  0.07 -0.06 -0.19  0.02  0.13  0.22  0.11  0.30  0.24  0.31 -0.26 -0.29 -0.23  0.05  0.18  0.03 -0.67 -0.63 -0.70  0.51  0.63  0.46 -1.39 -1.28 -0.34
 1988  2 -0.17 -0.47 -0.05 -0.37 -0.67 -0.18  0.04 -0.01  0.05  0.20  0.18  0.21 -0.66 -0.87 -0.48 -0.06 -0.25 -0.03 -1.32 -1.38 -1.24 -0.28 -0.29 -0.28 -1.19 -1.22 -0.28
 1988  3  0.08  0.05  0.10  0.02 -0.03  0.06  0.14  0.23  0.12  0.34  0.31  0.35 -0.14 -0.14 -0.15  0.04  0.20  0.01 -0.14  0.12 -0.45  0.12  0.26  0.06 -0.53 -0.54 -0.36
 1988  4 -0.03 -0.05 -0.03 -0.19 -0.13 -0.23  0.13  0.13  0.13  0.01  0.12 -0.02 -0.29 -0.19 -0.39  0.18  0.13  0.19 -0.80 -0.67 -0.95  0.34  0.19  0.42 -0.01 -0.09  0.03
 1988  5  0.02 -0.01  0.04  0.02 -0.06  0.06  0.03  0.08  0.02  0.09  0.11  0.09 -0.03 -0.12  0.05  0.00  0.11 -0.02  0.05 -0.09  0.23  0.10  0.48 -0.08 -0.09 -0.02  0.58
 1988  6 -0.04  0.05 -0.08 -0.00  0.06 -0.04 -0.09  0.04 -0.11 -0.18 -0.15 -0.19  0.08  0.10  0.07 -0.02  0.24 -0.07  0.21  0.06  0.38  0.14  0.85 -0.19  0.65  0.58  0.34
 1988  7  0.02  0.08  0.00  0.02  0.12 -0.04  0.03 -0.02  0.03 -0.11 -0.11 -0.11  0.09  0.17  0.01  0.10  0.06  0.10  0.16  0.23  0.09  0.22 -0.01  0.33 -0.00 -0.05  0.23
 1988  8 -0.03  0.05 -0.07 -0.02  0.03 -0.05 -0.04  0.12 -0.08 -0.16 -0.09 -0.18  0.06  0.07  0.04  0.01  0.22 -0.03 -0.02 -0.11  0.07  0.83  0.90  0.80  0.29  0.25 -0.68
 1988  9  0.06  0.20  0.01 -0.06  0.10 -0.16  0.19  0.41  0.14 -0.17 -0.12 -0.18 -0.00  0.17 -0.16  0.37  0.79  0.30  0.05  0.29 -0.23  1.18  1.69  0.94  0.13 -0.06  0.23
 1988 10 -0.11  0.05 -0.17 -0.19 -0.10 -0.24 -0.03  0.38 -0.12 -0.26 -0.14 -0.30 -0.17 -0.10 -0.23  0.11  0.78 -0.00 -0.28 -0.10 -0.50  1.17  2.09  0.73 -0.63 -0.62  0.74
 1988 11 -0.10 -0.11 -0.10 -0.31 -0.23 -0.36  0.10  0.15  0.09 -0.46 -0.38 -0.48 -0.25 -0.20 -0.29  0.42  0.59  0.39 -0.73 -0.37 -1.13  1.54  1.67  1.48 -0.13 -0.35 -0.10
 1988 12 -0.21 -0.08 -0.26 -0.37 -0.12 -0.52 -0.05  0.03 -0.06 -0.73 -0.53 -0.79 -0.17 -0.01 -0.31  0.31  0.45  0.29 -0.35 -0.05 -0.69  1.35  1.18  1.42 -0.38 -0.46  0.31
 1989  1 -0.43 -0.57 -0.37 -0.59 -0.58 -0.60 -0.26 -0.54 -0.20 -0.55 -0.53 -0.56 -0.61 -0.60 -0.62 -0.11 -0.52 -0.04 -2.87 -2.76 -2.99  0.14 -0.00  0.21  0.60 -0.23 -1.11
 1989  2 -0.35 -0.47 -0.30 -0.39 -0.50 -0.32 -0.30 -0.39 -0.28 -0.80 -0.76 -0.81 -0.15 -0.41  0.09 -0.06 -0.18 -0.04 -0.58 -0.36 -0.85  0.23  0.14  0.28 -0.75 -0.13 -0.63
 1989  3 -0.37 -0.24 -0.42 -0.33 -0.13 -0.46 -0.40 -0.48 -0.39 -0.87 -0.87 -0.87 -0.00  0.08 -0.08 -0.20 -0.26 -0.19  0.75  0.82  0.66  0.03 -0.12  0.10  0.43  0.59 -0.36
 1989  4 -0.26 -0.28 -0.26 -0.30 -0.29 -0.31 -0.23 -0.25 -0.22 -0.53 -0.46 -0.55 -0.16 -0.26 -0.08 -0.08 -0.07 -0.08  0.57  0.43  0.72 -0.20 -0.11 -0.25 -0.07  0.13  0.31
 1989  5 -0.36 -0.47 -0.32 -0.46 -0.42 -0.49 -0.26 -0.58 -0.20 -0.59 -0.63 -0.58 -0.39 -0.37 -0.41 -0.09 -0.54 -0.01 -0.59 -0.50 -0.68 -0.62 -1.60 -0.15 -0.28 -0.30  0.48
 1989  6 -0.36 -0.54 -0.29 -0.44 -0.47 -0.42 -0.28 -0.70 -0.19 -0.58 -0.52 -0.60 -0.39 -0.48 -0.31 -0.10 -0.79  0.02 -0.41 -0.46 -0.36 -0.47 -1.48  0.01 -0.51 -0.49 -0.28
 1989  7 -0.30 -0.38 -0.27 -0.32 -0.27 -0.35 -0.28 -0.62 -0.21 -0.44 -0.50 -0.43 -0.28 -0.24 -0.32 -0.17 -0.63 -0.08 -0.12 -0.12 -0.11  0.16 -0.37  0.41 -0.17 -0.12 -1.09
 1989  8 -0.29 -0.35 -0.27 -0.28 -0.35 -0.23 -0.30 -0.36 -0.29 -0.37 -0.41 -0.36 -0.24 -0.35 -0.15 -0.25 -0.28 -0.25 -0.12 -0.21 -0.02  0.08  0.06  0.08 -0.65 -0.44 -1.11
 1989  9 -0.21 -0.14 -0.24 -0.13 -0.10 -0.16 -0.29 -0.22 -0.31 -0.30 -0.25 -0.31 -0.05 -0.08 -0.03 -0.29 -0.16 -0.31 -0.10 -0.12 -0.09 -0.03  0.36 -0.21 -0.16  0.04 -0.12
 1989 10 -0.28 -0.16 -0.32 -0.20 -0.12 -0.25 -0.35 -0.26 -0.38 -0.28 -0.32 -0.27 -0.16 -0.07 -0.24 -0.39 -0.19 -0.42 -0.21 -0.17 -0.25 -0.56 -0.10 -0.78 -0.37 -0.31  0.15
 1989 11 -0.22 -0.48 -0.11 -0.34 -0.53 -0.21 -0.10 -0.38 -0.04 -0.21 -0.20 -0.22 -0.41 -0.61 -0.24 -0.02 -0.56  0.07 -0.70 -0.60 -0.82 -0.28 -0.98  0.06 -0.10 -0.32 -0.55
 1989 12 -0.08 -0.14 -0.06 -0.38 -0.42 -0.36  0.22  0.49  0.16 -0.37 -0.37 -0.37 -0.41 -0.42 -0.40  0.54  1.09  0.45 -0.47 -0.23 -0.75  1.55  2.49  1.10 -1.52 -1.29 -0.26
 1990  1 -0.16 -0.30 -0.10 -0.29 -0.44 -0.20 -0.02  0.04 -0.03 -0.22 -0.22 -0.22 -0.35 -0.51 -0.20  0.10  0.24  0.08 -1.52 -1.81 -1.18  0.62  0.69  0.59  0.87  0.62  0.06
 1990  2 -0.25 -0.33 -0.22 -0.29 -0.27 -0.31 -0.21 -0.47 -0.15 -0.42 -0.51 -0.39 -0.21 -0.17 -0.24 -0.12 -0.54 -0.05 -1.50 -1.42 -1.60  0.14  0.20  0.11  0.54  0.02 -1.72
 1990  3  0.00  0.10 -0.03  0.01  0.19 -0.10 -0.01 -0.12  0.02 -0.18 -0.28 -0.15  0.12  0.36 -0.09  0.08 -0.11  0.12 -0.94 -0.35 -1.61 -0.22 -0.26 -0.20  0.58  0.63  0.47
 1990  4 -0.10 -0.24 -0.04 -0.28 -0.37 -0.22  0.08  0.04  0.09 -0.05 -0.01 -0.06 -0.40 -0.46 -0.35  0.15  0.06  0.17 -1.18 -0.88 -1.52  0.36  0.41  0.33 -0.11  0.05 -0.09
 1990  5  0.03 -0.05  0.06 -0.07 -0.15 -0.02  0.13  0.17  0.12  0.01 -0.03  0.02 -0.13 -0.19 -0.07  0.20  0.35  0.17 -0.61 -0.63 -0.59  0.35  0.76  0.15 -0.51 -0.39  0.48
 1990  6  0.03 -0.06  0.07  0.01  0.01 -0.00  0.06 -0.24  0.13  0.02 -0.05  0.04 -0.01  0.02 -0.03  0.10 -0.34  0.17 -0.24 -0.29 -0.18 -0.37 -0.75 -0.19  0.39  0.33  0.30
 1990  7 -0.10 -0.13 -0.09 -0.16 -0.21 -0.14 -0.04  0.03 -0.05 -0.25 -0.33 -0.23 -0.14 -0.19 -0.09  0.09  0.36  0.04 -0.14 -0.20 -0.07  1.37  1.92  1.11 -0.38 -0.33 -0.57
 1990  8 -0.14 -0.31 -0.08 -0.18 -0.27 -0.12 -0.11 -0.39 -0.05 -0.12 -0.22 -0.09 -0.24 -0.33 -0.15 -0.07 -0.39 -0.02 -0.18 -0.32 -0.03 -0.48 -0.80 -0.33 -0.51 -0.32 -0.03
 1990  9 -0.23 -0.35 -0.19 -0.25 -0.23 -0.26 -0.22 -0.61 -0.14 -0.18 -0.28 -0.16 -0.29 -0.26 -0.33 -0.22 -0.75 -0.13 -0.42 -0.61 -0.20 -0.34 -0.95 -0.06  0.14  0.13 -0.58
 1990 10 -0.15 -0.17 -0.14 -0.13 -0.21 -0.07 -0.17 -0.08 -0.18 -0.06 -0.06 -0.06 -0.18 -0.26 -0.10 -0.21 -0.08 -0.24 -0.86 -0.91 -0.81 -0.64 -0.26 -0.82 -0.01 -0.32 -0.22
 1990 11  0.10  0.10  0.10  0.11  0.10  0.11  0.09  0.08  0.09  0.12  0.10  0.13  0.09  0.09  0.08  0.09  0.10  0.09 -1.56 -1.54 -1.57 -0.63 -0.73 -0.58  1.09  0.45  0.76
 1990 12  0.05  0.06  0.04  0.09  0.04  0.13  0.00  0.11 -0.02  0.03  0.05  0.03  0.11  0.01  0.20  0.00  0.23 -0.04 -0.86 -0.62 -1.14 -0.06  0.20 -0.19 -0.13 -0.19  0.36
 1991  1 -0.09 -0.19 -0.04 -0.13 -0.27 -0.04 -0.04 -0.01 -0.04  0.09  0.02  0.12 -0.26 -0.35 -0.17 -0.10 -0.04 -0.12 -0.34 -0.22 -0.47 -0.19 -0.12 -0.23 -0.87 -0.75  0.19
 1991  2 -0.03  0.02 -0.04 -0.05 -0.14  0.00  0.00  0.37 -0.08  0.07  0.02  0.08 -0.11 -0.16 -0.06 -0.04  0.57 -0.15  0.47  0.38  0.56  0.24  0.67  0.04  0.82  0.67  1.00
 1991  3  0.13 -0.02  0.20  0.14 -0.03  0.24  0.13 -0.01  0.16  0.12  0.06  0.14  0.14 -0.05  0.32  0.14 -0.05  0.17  0.32  0.07  0.61 -0.18 -0.13 -0.19 -0.28 -0.07 -0.09
 1991  4 -0.11 -0.02 -0.14 -0.14 -0.09 -0.18 -0.07  0.14 -0.12 -0.11 -0.21 -0.08 -0.16 -0.07 -0.24 -0.05  0.45 -0.14 -0.08  0.26 -0.48  0.64  1.30  0.33 -0.19 -0.21 -0.43
 1991  5  0.03 -0.01  0.04  0.04 -0.02  0.08  0.01 -0.01  0.01  0.07 -0.05  0.10  0.04 -0.01  0.09 -0.03  0.04 -0.04  0.22  0.24  0.19  0.12 -0.14  0.24  0.47  0.41 -0.36
 1991  6  0.18  0.20  0.18  0.11  0.10  0.11  0.26  0.43  0.23  0.23  0.19  0.24  0.04  0.06  0.02  0.28  0.68  0.21 -0.02  0.09 -0.14  0.95  1.59  0.65 -0.12 -0.05  0.70
 1991  7  0.06  0.11  0.03  0.02  0.02  0.02  0.10  0.34  0.04 -0.01 -0.09  0.01  0.03  0.03  0.02  0.15  0.69  0.06  0.29  0.23  0.37  1.05  1.80  0.69 -0.21 -0.30  0.08
 1991  8  0.15  0.15  0.15  0.12  0.09  0.14  0.18  0.29  0.16 -0.02 -0.12  0.02  0.18  0.13  0.22  0.30  0.63  0.24  0.21  0.14  0.28  0.76  1.35  0.49 -0.11 -0.12  0.19
 1991  9 -0.01 -0.02 -0.01  0.01 -0.02  0.02 -0.03 -0.02 -0.03  0.07 -0.04  0.09 -0.05 -0.05 -0.05 -0.05  0.11 -0.08  0.10  0.08  0.13  0.13  0.34  0.04 -0.21 -0.07  0.01
 1991 10 -0.14 -0.17 -0.12 -0.16 -0.20 -0.13 -0.12 -0.12 -0.12 -0.38 -0.47 -0.36 -0.04 -0.13  0.04  0.02  0.17 -0.00 -0.39 -0.28 -0.51  0.44  0.47  0.43 -0.09 -0.04  0.33
 1991 11 -0.16 -0.19 -0.14 -0.18 -0.22 -0.15 -0.13 -0.13 -0.13 -0.33 -0.41 -0.30 -0.12 -0.17 -0.07 -0.01  0.07 -0.03 -0.50 -0.11 -0.95  0.77  0.63  0.83 -0.51 -0.43 -0.19
 1991 12 -0.14 -0.13 -0.15 -0.19 -0.24 -0.15 -0.10  0.13 -0.15 -0.22 -0.29 -0.20 -0.17 -0.21 -0.13 -0.04  0.40 -0.12 -0.96 -0.92 -1.01  1.48  2.33  1.08  0.74  0.46 -1.14
 1992  1 -0.13 -0.07 -0.15 -0.12 -0.07 -0.14 -0.14 -0.08 -0.16 -0.23 -0.36 -0.20 -0.04  0.07 -0.14 -0.11 -0.08 -0.11  0.02  0.28 -0.29  0.59  0.62  0.58  0.59  0.59 -1.17
 1992  2 -0.18 -0.19 -0.17 -0.14 -0.24 -0.08 -0.21 -0.09 -0.23 -0.05 -0.23  0.00 -0.20 -0.22 -0.18 -0.29 -0.05 -0.33 -0.09  0.13 -0.34  0.03  0.06  0.02  0.49  0.48 -0.12
 1992  3 -0.08 -0.30  0.00 -0.18 -0.43 -0.02  0.01 -0.02  0.02  0.14  0.07  0.17 -0.37 -0.55 -0.20 -0.04 -0.11 -0.02 -0.09 -0.19  0.03  0.01 -0.11  0.07 -0.20 -0.23 -0.13
 1992  4 -0.19 -0.36 -0.12 -0.28 -0.46 -0.17 -0.10 -0.13 -0.09  0.11  0.11  0.11 -0.50 -0.61 -0.41 -0.20 -0.33 -0.17 -1.09 -1.18 -1.00  0.09 -0.19  0.23  0.10 -0.18 -0.41
 1992  5 -0.18 -0.36 -0.11 -0.42 -0.62 -0.29  0.06  0.21  0.03 -0.06 -0.02 -0.07 -0.59 -0.75 -0.45  0.11  0.30  0.08 -1.06 -1.10 -1.01  0.89  1.10  0.80 -0.07 -0.31 -0.07
 1992  6 -0.15 -0.37 -0.06 -0.42 -0.63 -0.28  0.12  0.21  0.10 -0.01 -0.07  0.01 -0.64 -0.79 -0.51  0.20  0.45  0.16 -0.86 -1.03 -0.66  0.92  1.27  0.75 -0.54 -0.49 -0.15
 1992  7 -0.31 -0.60 -0.19 -0.62 -0.81 -0.50  0.00 -0.13  0.03 -0.38 -0.47 -0.35 -0.75 -0.91 -0.60  0.20  0.17  0.21 -1.07 -1.10 -1.03  0.72  0.77  0.69 -1.03 -0.94 -0.13
 1992  8 -0.38 -0.59 -0.30 -0.54 -0.65 -0.47 -0.22 -0.45 -0.17 -0.29 -0.44 -0.25 -0.69 -0.73 -0.65 -0.17 -0.38 -0.13 -1.09 -0.94 -1.26  0.02 -0.00  0.03 -1.06 -0.98 -0.26
 1992  9 -0.37 -0.69 -0.25 -0.44 -0.64 -0.31 -0.31 -0.79 -0.20 -0.31 -0.42 -0.28 -0.52 -0.71 -0.36 -0.29 -1.03 -0.16 -0.89 -1.03 -0.73 -0.84 -1.71 -0.42 -0.37 -0.74 -0.41
 1992 10 -0.21 -0.35 -0.16 -0.37 -0.38 -0.37 -0.05 -0.30 -0.00 -0.25 -0.29 -0.24 -0.44 -0.40 -0.48  0.06 -0.31  0.12 -0.71 -0.47 -0.98  0.19 -0.15  0.36 -0.32 -0.43 -0.72
 1992 11 -0.21 -0.42 -0.13 -0.24 -0.34 -0.17 -0.18 -0.60 -0.10 -0.40 -0.53 -0.36 -0.15 -0.27 -0.04 -0.09 -0.72  0.03 -0.71 -0.65 -0.78 -0.16 -0.87  0.17 -0.48 -0.34 -0.75
 1992 12 -0.28 -0.31 -0.27 -0.24 -0.27 -0.22 -0.33 -0.41 -0.31 -0.29 -0.32 -0.29 -0.22 -0.23 -0.21 -0.34 -0.54 -0.30 -0.69 -0.52 -0.88 -0.11 -0.63  0.13 -0.01 -0.19 -0.68
 1993  1 -0.35 -0.38 -0.34 -0.43 -0.42 -0.43 -0.28 -0.29 -0.28 -0.26 -0.43 -0.21 -0.51 -0.41 -0.60 -0.29 -0.18 -0.31 -1.83 -1.32 -2.41  0.08  0.06  0.09  0.00 -0.28 -0.57
 1993  2 -0.35 -0.42 -0.32 -0.42 -0.44 -0.40 -0.29 -0.38 -0.27 -0.43 -0.58 -0.39 -0.39 -0.38 -0.41 -0.23 -0.30 -0.21 -0.81 -0.53 -1.14  0.04 -0.13  0.12 -0.79 -0.55 -0.37
 1993  3 -0.47 -0.50 -0.46 -0.47 -0.50 -0.46 -0.47 -0.50 -0.46 -0.46 -0.55 -0.43 -0.48 -0.48 -0.48 -0.47 -0.47 -0.47 -0.95 -0.60 -1.34 -0.31 -0.42 -0.25 -0.51 -0.46 -0.74
 1993  4 -0.40 -0.66 -0.30 -0.60 -0.81 -0.47 -0.20 -0.31 -0.18 -0.20 -0.33 -0.16 -0.80 -0.93 -0.69 -0.22 -0.34 -0.19 -0.79 -0.90 -0.66 -0.28 -0.62 -0.12 -0.89 -0.71 -0.12
 1993  5 -0.29 -0.50 -0.20 -0.42 -0.50 -0.36 -0.16 -0.50 -0.09 -0.12 -0.12 -0.12 -0.56 -0.60 -0.54 -0.19 -0.82 -0.08 -0.28 -0.46 -0.07 -0.54 -1.46 -0.10 -0.30 -0.20 -0.55
 1993  6 -0.19 -0.46 -0.09 -0.34 -0.53 -0.21 -0.05 -0.30  0.01 -0.01 -0.13  0.02 -0.51 -0.64 -0.40 -0.06 -0.39  0.00 -0.76 -0.91 -0.58 -0.05 -1.04  0.42 -0.62 -0.65 -0.19
 1993  7 -0.19 -0.35 -0.13 -0.30 -0.38 -0.25 -0.08 -0.27 -0.04 -0.10 -0.17 -0.08 -0.41 -0.45 -0.37 -0.07 -0.32 -0.03 -0.40 -0.40 -0.40 -0.11 -0.49  0.07 -0.53 -0.43  0.07
 1993  8 -0.30 -0.49 -0.23 -0.41 -0.51 -0.35 -0.19 -0.44 -0.14 -0.29 -0.37 -0.27 -0.49 -0.59 -0.40 -0.12 -0.36 -0.08 -0.62 -0.63 -0.61  0.26 -0.35  0.55 -0.52 -0.48 -0.23
 1993  9 -0.49 -0.65 -0.43 -0.59 -0.63 -0.57 -0.39 -0.70 -0.33 -0.42 -0.46 -0.40 -0.69 -0.71 -0.67 -0.37 -0.78 -0.30 -1.00 -0.96 -1.05 -0.55 -0.95 -0.35 -0.97 -0.89 -0.92
 1993 10 -0.28 -0.46 -0.22 -0.34 -0.48 -0.26 -0.22 -0.40 -0.18 -0.11 -0.20 -0.08 -0.47 -0.56 -0.38 -0.28 -0.53 -0.24 -0.47 -0.35 -0.61 -0.75 -1.08 -0.60 -0.77 -0.48 -0.38
 1993 11 -0.25 -0.55 -0.13 -0.36 -0.64 -0.17 -0.14 -0.36 -0.10 -0.03 -0.09 -0.02 -0.53 -0.80 -0.28 -0.20 -0.51 -0.14 -0.49 -0.78 -0.16 -0.49 -1.19 -0.17 -0.91 -0.81 -0.12
 1993 12 -0.05 -0.11 -0.03 -0.04 -0.07 -0.02 -0.06 -0.21 -0.03  0.12  0.07  0.13 -0.12 -0.10 -0.13 -0.16 -0.45 -0.11 -0.53 -0.41 -0.67 -0.53 -1.00 -0.31 -0.12  0.10 -0.15
 1994  1 -0.25 -0.28 -0.24 -0.25 -0.26 -0.24 -0.25 -0.34 -0.23 -0.11 -0.10 -0.12 -0.30 -0.31 -0.30 -0.34 -0.49 -0.31 -0.43 -0.49 -0.36 -0.57 -0.68 -0.52 -0.88 -0.53 -0.33
 1994  2 -0.34 -0.75 -0.17 -0.42 -0.83 -0.16 -0.25 -0.56 -0.18 -0.21 -0.30 -0.18 -0.53 -0.97 -0.13 -0.28 -0.75 -0.19 -1.16 -1.40 -0.89 -0.72 -1.13 -0.53 -1.13 -1.08 -0.34
 1994  3 -0.31 -0.41 -0.27 -0.34 -0.35 -0.34 -0.28 -0.55 -0.22 -0.25 -0.33 -0.22 -0.37 -0.35 -0.39 -0.31 -0.72 -0.24 -1.32 -0.93 -1.78 -0.34 -0.85 -0.09  0.44  0.35 -0.91
 1994  4 -0.25 -0.27 -0.24 -0.25 -0.29 -0.23 -0.25 -0.21 -0.25 -0.22 -0.29 -0.20 -0.27 -0.30 -0.24 -0.26 -0.14 -0.29  0.04 -0.08  0.18 -0.04  0.07 -0.09 -0.02  0.03 -0.52
 1994  5 -0.19 -0.20 -0.18 -0.13 -0.15 -0.12 -0.24 -0.33 -0.22 -0.16 -0.25 -0.13 -0.12 -0.12 -0.11 -0.28 -0.38 -0.26 -0.30 -0.07 -0.57 -0.27 -0.80 -0.02 -0.10 -0.17 -0.11
 1994  6 -0.06  0.05 -0.10 -0.09  0.00 -0.14 -0.03  0.17 -0.07 -0.19 -0.32 -0.15 -0.06  0.06 -0.16  0.08  0.62 -0.01 -0.47 -0.43 -0.51  0.78  1.88  0.27  0.40  0.24 -0.24
 1994  7 -0.08 -0.08 -0.08 -0.11 -0.08 -0.12 -0.05 -0.07 -0.05 -0.20 -0.34 -0.15 -0.08 -0.03 -0.11  0.04  0.20  0.02 -0.10  0.04 -0.25  0.39  0.77  0.21 -0.47 -0.41  0.03
 1994  8 -0.17 -0.21 -0.15 -0.20 -0.13 -0.25 -0.13 -0.40 -0.08 -0.25 -0.30 -0.24 -0.18 -0.08 -0.27 -0.06 -0.48  0.01 -0.25 -0.05 -0.47 -0.62 -1.04 -0.42 -0.24 -0.04 -0.42
 1994  9 -0.16 -0.18 -0.15 -0.16 -0.19 -0.14 -0.15 -0.17 -0.15 -0.10 -0.22 -0.07 -0.19 -0.18 -0.20 -0.18 -0.14 -0.19 -0.41 -0.11 -0.77  0.04 -0.03  0.07 -0.58 -0.57 -0.63
 1994 10 -0.38 -0.33 -0.39 -0.26 -0.27 -0.25 -0.49 -0.47 -0.50 -0.36 -0.42 -0.34 -0.20 -0.22 -0.19 -0.56 -0.53 -0.57 -0.34 -0.04 -0.68 -0.46 -0.31 -0.54 -0.23 -0.38 -0.82
 1994 11 -0.07  0.00 -0.10 -0.02 -0.03 -0.02 -0.12  0.07 -0.16 -0.19 -0.22 -0.18  0.07  0.05  0.09 -0.08  0.22 -0.13 -0.56 -0.62 -0.49  0.43  0.67  0.32  0.14 -0.10 -0.33
 1994 12  0.02 -0.03  0.04 -0.03 -0.12  0.02  0.07  0.17  0.05  0.13 -0.00  0.17 -0.13 -0.13 -0.13  0.05  0.23  0.02 -0.90 -0.78 -1.04  0.40  0.13  0.53  0.96  0.53  0.06
 1995  1 -0.03 -0.03 -0.03  0.01  0.04 -0.01 -0.07 -0.20 -0.04  0.11  0.01  0.13 -0.04  0.06 -0.13 -0.16 -0.40 -0.12 -0.16  0.17 -0.55 -0.30 -0.72 -0.10  0.05  0.25 -0.41
 1995  2 -0.18 -0.12 -0.20 -0.18 -0.06 -0.25 -0.18 -0.25 -0.17 -0.16 -0.36 -0.10 -0.17  0.03 -0.35 -0.21 -0.23 -0.21  0.04  0.37 -0.35 -0.09 -0.11 -0.08  0.09  0.05 -0.45
 1995  3 -0.22 -0.36 -0.16 -0.37 -0.47 -0.31 -0.06 -0.10 -0.05 -0.01 -0.09  0.02 -0.57 -0.55 -0.58 -0.09 -0.17 -0.08 -1.40 -1.11 -1.73 -0.10 -0.19 -0.05  0.13 -0.15 -0.01
 1995  4 -0.01 -0.17  0.05 -0.10 -0.27  0.02  0.07  0.05  0.07  0.16  0.14  0.16 -0.24 -0.38 -0.11  0.04 -0.02  0.05  0.54  0.49  0.59  0.30  0.20  0.35 -0.88 -0.63 -0.30
 1995  5 -0.11 -0.28 -0.04 -0.17 -0.32 -0.07 -0.04 -0.17 -0.01 -0.01 -0.04  0.00 -0.26 -0.40 -0.13 -0.06 -0.25 -0.02 -0.21 -0.22 -0.19 -0.23 -0.71  0.00 -0.83 -0.59 -0.05
 1995  6 -0.04 -0.07 -0.03 -0.02 -0.05  0.01 -0.07 -0.10 -0.06  0.18  0.19  0.18 -0.14 -0.14 -0.14 -0.18 -0.25 -0.17 -0.23 -0.27 -0.19  0.14 -0.28  0.34 -0.61 -0.56 -0.41
 1995  7 -0.15  0.03 -0.22 -0.15 -0.15 -0.15 -0.14  0.44 -0.26 -0.06  0.07 -0.10 -0.19 -0.19 -0.19 -0.19  0.68 -0.34 -0.37 -0.48 -0.23  1.04  2.21  0.48 -0.38 -0.32 -0.61
 1995  8  0.05  0.19  0.00  0.07  0.12  0.03  0.04  0.35 -0.02  0.12  0.20  0.10  0.05  0.11 -0.01 -0.01  0.41 -0.09  0.07  0.02  0.12  0.41  0.69  0.27  1.03  0.76  0.23
 1995  9  0.01 -0.07  0.04  0.05 -0.06  0.12 -0.03 -0.08 -0.02  0.08  0.11  0.07  0.03 -0.11  0.14 -0.08 -0.22 -0.06  0.24  0.26  0.21 -0.37 -0.84 -0.15 -0.40 -0.09  0.21
 1995 10 -0.13 -0.13 -0.12 -0.14 -0.09 -0.17 -0.11 -0.24 -0.09  0.01  0.04 -0.01 -0.21 -0.12 -0.30 -0.18 -0.47 -0.13 -1.02 -0.85 -1.23 -0.43 -0.92 -0.20  0.09 -0.10  0.15
 1995 11 -0.10  0.03 -0.15  0.09  0.16  0.05 -0.30 -0.28 -0.31 -0.12 -0.04 -0.14  0.18  0.21  0.16 -0.38 -0.45 -0.36  0.61  0.68  0.53 -1.18 -1.16 -1.18 -0.41 -0.31  0.03
 1995 12 -0.35 -0.60 -0.24 -0.52 -0.71 -0.40 -0.17 -0.36 -0.13 -0.33 -0.38 -0.31 -0.62 -0.76 -0.49 -0.09 -0.45 -0.03 -0.86 -0.86 -0.85 -0.52 -1.21 -0.20 -0.38 -0.49  0.24
 1996  1 -0.34 -0.61 -0.24 -0.38 -0.68 -0.18 -0.31 -0.47 -0.27 -0.37 -0.27 -0.40 -0.40 -0.80 -0.04 -0.26 -0.58 -0.20 -0.63 -0.96 -0.25 -0.48 -0.74 -0.35 -0.61 -0.76 -0.47
 1996  2 -0.22 -0.22 -0.22 -0.29 -0.23 -0.32 -0.15 -0.20 -0.14 -0.19 -0.12 -0.21 -0.33 -0.27 -0.39 -0.14 -0.25 -0.13 -1.25 -0.89 -1.67 -0.14 -0.00 -0.21  0.40  0.29 -0.41
 1996  3 -0.10 -0.31 -0.02 -0.17 -0.40 -0.02 -0.03 -0.10 -0.02 -0.08 -0.06 -0.09 -0.20 -0.48  0.04 -0.02 -0.14 -0.00  0.18  0.11  0.25  0.05 -0.11  0.12 -0.83 -0.39 -0.06
 1996  4 -0.19 -0.34 -0.14 -0.38 -0.55 -0.27 -0.01  0.15 -0.04 -0.20 -0.17 -0.21 -0.47 -0.64 -0.32  0.09  0.37  0.04  0.11 -0.13  0.38  0.46  0.87  0.26 -0.52 -0.47  0.24
 1996  5 -0.24 -0.33 -0.21 -0.30 -0.25 -0.32 -0.19 -0.52 -0.13 -0.22 -0.21 -0.22 -0.35 -0.28 -0.42 -0.17 -0.72 -0.07 -0.56 -0.55 -0.57 -0.81 -1.61 -0.43  0.03  0.01  0.01
 1996  6 -0.22 -0.24 -0.22 -0.26 -0.23 -0.28 -0.19 -0.27 -0.17 -0.18 -0.19 -0.17 -0.31 -0.25 -0.37 -0.19 -0.32 -0.16 -0.61 -0.55 -0.68  0.12 -0.16  0.25  0.14  0.04 -0.14
 1996  7 -0.15 -0.19 -0.13 -0.24 -0.20 -0.27 -0.06 -0.18 -0.03 -0.24 -0.29 -0.22 -0.26 -0.20 -0.31  0.05 -0.01  0.07 -0.54 -0.36 -0.74  0.45  0.62  0.37 -0.19 -0.26 -0.17
 1996  8 -0.09 -0.14 -0.07 -0.36 -0.41 -0.33  0.19  0.48  0.12 -0.35 -0.29 -0.36 -0.37 -0.45 -0.30  0.47  1.07  0.36 -0.77 -0.94 -0.59  2.03  2.69  1.72 -0.29 -0.37 -0.27
 1996  9 -0.04 -0.19  0.02 -0.29 -0.42 -0.21  0.21  0.33  0.19 -0.09 -0.14 -0.08 -0.41 -0.51 -0.33  0.38  0.72  0.32 -0.35 -0.48 -0.19  1.35  1.90  1.09 -0.90 -0.93  0.27
 1996 10 -0.11 -0.22 -0.07 -0.18 -0.26 -0.14 -0.04 -0.15 -0.02 -0.08 -0.11 -0.08 -0.25 -0.30 -0.20 -0.00 -0.16  0.02 -0.46 -0.54 -0.38 -0.13 -0.63  0.11 -0.07 -0.31  0.28
 1996 11 -0.09 -0.07 -0.09  0.04  0.04  0.03 -0.21 -0.32 -0.19 -0.20 -0.25 -0.19  0.16  0.13  0.19 -0.21 -0.40 -0.18  1.21  1.23  1.19 -0.44 -0.80 -0.27 -0.50 -0.08 -0.08
 1996 12 -0.17 -0.11 -0.19 -0.07 -0.10 -0.05 -0.26 -0.12 -0.29 -0.31 -0.30 -0.32  0.08 -0.03  0.17 -0.25 -0.06 -0.29  0.91  0.59  1.28 -0.37 -0.06 -0.51 -0.29 -0.20  0.03
 1997  1 -0.22 -0.24 -0.21 -0.37 -0.29 -0.43 -0.07 -0.13 -0.06 -0.36 -0.36 -0.36 -0.36 -0.26 -0.45  0.07  0.01  0.08 -0.61 -0.39 -0.86  0.08  0.17  0.03 -0.57 -0.62 -0.45
 1997  2 -0.20 -0.31 -0.15 -0.33 -0.41 -0.28 -0.06 -0.08 -0.06 -0.32 -0.41 -0.29 -0.35 -0.39 -0.31  0.08  0.12  0.08 -1.82 -1.40 -2.31 -0.22 -0.36 -0.15  0.01  0.05  1.11
 1997  3 -0.21 -0.35 -0.15 -0.37 -0.50 -0.29 -0.04 -0.02 -0.05 -0.25 -0.22 -0.26 -0.43 -0.54 -0.33  0.06  0.03  0.07 -1.80 -1.74 -1.87  0.56  0.35  0.66  0.68  0.21 -0.11
 1997  4 -0.36 -0.48 -0.32 -0.43 -0.48 -0.40 -0.29 -0.46 -0.26 -0.43 -0.55 -0.39 -0.45 -0.46 -0.44 -0.21 -0.44 -0.17 -1.42 -0.83 -2.10 -0.01 -0.32  0.14 -0.85 -0.82 -0.79
 1997  5 -0.22 -0.48 -0.12 -0.35 -0.49 -0.25 -0.10 -0.45 -0.02 -0.28 -0.50 -0.21 -0.39 -0.50 -0.29  0.01 -0.38  0.08 -0.44 -0.56 -0.31 -0.01 -0.55  0.25 -0.57 -0.40 -0.13
 1997  6 -0.18 -0.22 -0.16 -0.25 -0.27 -0.25 -0.10 -0.13 -0.09 -0.17 -0.18 -0.17 -0.32 -0.30 -0.33 -0.04 -0.05 -0.03 -0.06 -0.12  0.01  0.84  0.93  0.80 -0.28 -0.23 -1.09
 1997  7 -0.03 -0.13  0.02 -0.01 -0.11  0.05 -0.04 -0.19 -0.01  0.28  0.20  0.30 -0.17 -0.21 -0.14 -0.20 -0.44 -0.16 -0.26 -0.32 -0.18 -0.39 -1.13 -0.05 -0.27 -0.22 -0.55
 1997  8 -0.01 -0.12  0.03  0.02 -0.03  0.05 -0.04 -0.32  0.02  0.16  0.07  0.19 -0.07 -0.08 -0.06 -0.13 -0.52 -0.06 -0.10 -0.02 -0.19 -0.26 -0.88  0.03 -0.25 -0.10 -0.42
 1997  9 -0.09 -0.15 -0.07 -0.00 -0.15  0.09 -0.18 -0.16 -0.19  0.23  0.26  0.22 -0.11 -0.25  0.01 -0.41 -0.48 -0.40  0.24  0.12  0.37 -0.67 -0.99 -0.51  0.56  0.58 -0.58
 1997 10 -0.07 -0.12 -0.05 -0.01 -0.07  0.02 -0.13 -0.23 -0.11  0.21  0.18  0.22 -0.11 -0.12 -0.11 -0.32 -0.58 -0.28  0.15  0.32 -0.06 -0.67 -0.85 -0.59 -0.34 -0.49 -0.47
 1997 11 -0.05 -0.16 -0.01 -0.12 -0.31  0.00  0.03  0.19 -0.01  0.19  0.18  0.19 -0.25 -0.43 -0.09 -0.09  0.17 -0.14 -0.35 -0.45 -0.23  0.21  0.66  0.00 -0.78 -0.63 -0.41
 1997 12  0.10  0.07  0.12  0.13 -0.04  0.24  0.08  0.32  0.03  0.49  0.34  0.54 -0.06 -0.15  0.02 -0.14  0.33 -0.22  0.06  0.05  0.07 -0.04  0.44 -0.27 -0.37 -0.33  0.25
 1998  1  0.34  0.11  0.44  0.28 -0.01  0.46  0.41  0.39  0.42  0.94  0.81  0.98 -0.08 -0.22  0.04  0.15  0.06  0.16  0.62  0.55  0.70 -0.18 -0.47 -0.05 -0.05  0.03  0.41
 1998  2  0.48  0.55  0.46  0.44  0.48  0.42  0.52  0.72  0.48  1.12  1.06  1.13  0.07  0.34 -0.17  0.23  0.39  0.20 -1.04 -0.67 -1.47  0.43  0.35  0.47  0.22  0.16  0.27
 1998  3  0.36  0.09  0.47  0.37  0.01  0.59  0.36  0.28  0.38  1.02  0.94  1.05  0.01 -0.22  0.21  0.02 -0.28  0.07 -0.18 -0.16 -0.21 -0.64 -0.98 -0.48 -0.48 -0.10  0.19
 1998  4  0.59  0.50  0.63  0.68  0.57  0.75  0.51  0.34  0.54  1.07  1.17  1.04  0.47  0.41  0.53  0.21 -0.27  0.29  0.28 -0.00  0.61 -0.54 -1.35 -0.16 -0.31 -0.26  0.44
 1998  5  0.49  0.52  0.48  0.43  0.43  0.43  0.55  0.70  0.52  0.83  0.86  0.82  0.25  0.31  0.19  0.37  0.60  0.33 -0.05 -0.05 -0.06  0.51  0.32  0.60  0.60  0.52  1.15
 1998  6  0.42  0.50  0.39  0.43  0.48  0.39  0.42  0.55  0.40  0.41  0.41  0.41  0.44  0.50  0.39  0.42  0.67  0.38  0.43  0.65  0.18  0.81  1.04  0.71  0.03  0.05  0.28
 1998  7  0.34  0.45  0.30  0.45  0.59  0.37  0.23  0.13  0.24  0.24  0.34  0.21  0.57  0.67  0.49  0.21 -0.06  0.26  0.61  0.68  0.54 -0.38 -0.57 -0.29  0.70  0.63 -0.05
 1998  8  0.33  0.45  0.29  0.37  0.47  0.30  0.29  0.38  0.28  0.31  0.41  0.28  0.40  0.50  0.31  0.28  0.33  0.27  0.44  0.48  0.39  0.03  0.17 -0.03  0.59  0.42  0.67
 1998  9  0.26  0.30  0.25  0.41  0.45  0.38  0.11 -0.06  0.15  0.26  0.27  0.26  0.48  0.49  0.48  0.04 -0.28  0.10  0.04 -0.12  0.22 -0.39 -0.71 -0.23  1.35  1.15  0.47
 1998 10  0.21  0.31  0.17  0.34  0.47  0.25  0.08 -0.06  0.11  0.33  0.35  0.32  0.33  0.50  0.18 -0.04 -0.35  0.01 -0.26 -0.32 -0.20 -1.31 -1.43 -1.25  0.43  0.40  0.70
 1998 11 -0.04 -0.09 -0.02  0.01  0.03  0.00 -0.09 -0.34 -0.04  0.05  0.12  0.03 -0.01 -0.01 -0.01 -0.16 -0.65 -0.07  0.00 -0.22  0.26 -1.51 -2.04 -1.26  0.40  0.44  0.61
 1998 12  0.07  0.12  0.06  0.16  0.32  0.06 -0.01 -0.33  0.06 -0.09  0.03 -0.12  0.31  0.40  0.23  0.01 -0.60  0.12  0.76  0.48  1.08 -1.22 -1.78 -0.96  0.44  0.36  0.48
 1999  1 -0.10  0.06 -0.16 -0.02  0.17 -0.15 -0.17 -0.17 -0.17 -0.20 -0.08 -0.23  0.08  0.23 -0.05 -0.16 -0.23 -0.15 -0.29 -0.34 -0.23 -0.93 -0.80 -1.00  0.19 -0.17  0.72
 1999  2 -0.05  0.16 -0.14 -0.09  0.27 -0.32 -0.01 -0.09  0.00 -0.33 -0.14 -0.39  0.05  0.38 -0.24  0.14 -0.05  0.17 -0.34 -0.30 -0.38 -0.17 -0.36 -0.08  0.97  0.27  0.04
 1999  3 -0.20 -0.15 -0.22 -0.18 -0.15 -0.20 -0.22 -0.14 -0.24 -0.33 -0.17 -0.37 -0.08 -0.18  0.00 -0.19 -0.03 -0.21  1.06  0.55  1.64 -0.19 -0.32 -0.13 -0.13 -0.16 -0.08
 1999  4 -0.09 -0.06 -0.11  0.07  0.22 -0.03 -0.25 -0.70 -0.16 -0.33 -0.29 -0.35  0.29  0.34  0.23 -0.22 -0.96 -0.09  0.31  0.30  0.33 -0.56 -1.52 -0.11  0.17  0.06 -0.73
 1999  5 -0.17 -0.10 -0.19 -0.12  0.03 -0.22 -0.21 -0.39 -0.17 -0.48 -0.43 -0.50  0.07  0.14  0.00 -0.07 -0.34 -0.02  0.05  0.02  0.07 -0.22 -0.82  0.06 -0.07 -0.11  0.12
 1999  6 -0.29 -0.16 -0.34 -0.13 -0.14 -0.13 -0.45 -0.20 -0.50 -0.40 -0.28 -0.44  0.01 -0.12  0.12 -0.46 -0.10 -0.53  0.01 -0.19  0.24  0.18  0.66 -0.05 -0.22 -0.08 -0.48
 1999  7 -0.19 -0.07 -0.24 -0.10 -0.02 -0.15 -0.28 -0.18 -0.30 -0.32 -0.28 -0.34  0.02  0.06 -0.01 -0.26 -0.12 -0.28 -0.00 -0.11  0.12 -0.23 -0.47 -0.11  0.23  0.23  0.33
 1999  8 -0.22 -0.11 -0.26 -0.13 -0.10 -0.15 -0.31 -0.13 -0.35 -0.30 -0.29 -0.31 -0.04 -0.05 -0.03 -0.31 -0.00 -0.37 -0.22 -0.38 -0.02 -0.30 -0.10 -0.40  0.18  0.24 -0.00
 1999  9 -0.17 -0.02 -0.23 -0.06  0.04 -0.12 -0.29 -0.16 -0.32 -0.34 -0.25 -0.36  0.08  0.10  0.06 -0.25 -0.04 -0.29  0.23  0.05  0.43 -0.05  0.19 -0.17 -0.37 -0.33 -0.16
 1999 10 -0.24 -0.19 -0.25 -0.22 -0.12 -0.28 -0.25 -0.34 -0.23 -0.31 -0.32 -0.31 -0.17 -0.07 -0.26 -0.22 -0.34 -0.19 -0.26 -0.23 -0.30 -0.63 -0.63 -0.63  0.18 -0.10 -0.20
 1999 11 -0.26 -0.29 -0.26 -0.09 -0.01 -0.14 -0.44 -0.92 -0.34 -0.35 -0.30 -0.36  0.03  0.05  0.02 -0.48 -1.31 -0.33 -0.12 -0.16 -0.08 -1.46 -2.17 -1.13  1.16  0.82 -1.03
 1999 12 -0.21 -0.12 -0.24 -0.05  0.24 -0.23 -0.37 -0.94 -0.25 -0.37 -0.23 -0.41  0.13  0.37 -0.09 -0.38 -1.50 -0.19 -0.58 -0.19 -1.02 -1.61 -3.10 -0.90  0.53  0.21 -0.38
 2000  1 -0.42 -0.49 -0.40 -0.44 -0.39 -0.48 -0.40 -0.71 -0.34 -0.33 -0.15 -0.38 -0.49 -0.47 -0.50 -0.46 -1.08 -0.35 -1.73 -1.55 -1.94 -1.37 -1.99 -1.08 -0.02 -0.37 -0.59
 2000  2 -0.29 -0.22 -0.32 -0.36 -0.18 -0.48 -0.22 -0.32 -0.20 -0.48 -0.47 -0.48 -0.27 -0.08 -0.45 -0.11 -0.26 -0.08 -1.06 -0.59 -1.60 -0.33 -0.70 -0.16  0.81  0.78  0.43
 2000  3 -0.18 -0.18 -0.18 -0.22 -0.10 -0.29 -0.14 -0.36 -0.09 -0.43 -0.34 -0.46 -0.09 -0.05 -0.13  0.01 -0.35  0.07  0.01  0.07 -0.06 -0.52 -0.91 -0.33  0.73  0.73  0.33
 2000  4 -0.14  0.09 -0.24 -0.06  0.25 -0.26 -0.23 -0.27 -0.22 -0.36 -0.29 -0.37  0.11  0.38 -0.14 -0.17 -0.22 -0.17  0.16  0.45 -0.18 -0.61 -0.55 -0.64  0.29  0.25  0.10
 2000  5 -0.09 -0.11 -0.09 -0.10 -0.02 -0.15 -0.09 -0.30 -0.04 -0.24 -0.16 -0.26 -0.04  0.01 -0.08 -0.00 -0.40  0.07 -0.53 -0.64 -0.41 -0.31 -0.67 -0.14  0.83  0.39  0.07
 2000  6 -0.13 -0.06 -0.16 -0.14 -0.05 -0.19 -0.13 -0.09 -0.14 -0.33 -0.28 -0.34 -0.03 -0.00 -0.05 -0.03  0.09 -0.05 -0.44 -0.32 -0.58  0.32  0.86  0.06  0.01 -0.05 -0.80
 2000  7 -0.25 -0.19 -0.27 -0.24 -0.14 -0.30 -0.26 -0.29 -0.26 -0.35 -0.34 -0.35 -0.20 -0.12 -0.28 -0.19 -0.14 -0.20 -0.19 -0.14 -0.26  0.24  0.43  0.16 -0.32 -0.33 -0.23
 2000  8 -0.32 -0.21 -0.36 -0.24 -0.16 -0.29 -0.40 -0.33 -0.41 -0.29 -0.31 -0.28 -0.23 -0.13 -0.31 -0.45 -0.28 -0.48 -0.20 -0.28 -0.10 -0.15  0.25 -0.34  0.03 -0.09 -0.58
 2000  9 -0.22 -0.17 -0.24 -0.22 -0.22 -0.21 -0.22 -0.07 -0.25 -0.33 -0.29 -0.34 -0.17 -0.22 -0.12 -0.15  0.15 -0.20 -0.45 -0.42 -0.49  0.24  0.92 -0.08  0.04 -0.09  0.03
 2000 10 -0.18 -0.33 -0.12 -0.32 -0.41 -0.26 -0.04 -0.15 -0.02 -0.19 -0.29 -0.16 -0.38 -0.45 -0.33  0.04 -0.02  0.05 -0.17 -0.35  0.03  0.27  0.08  0.37 -0.49 -0.55 -0.14
 2000 11 -0.14 -0.23 -0.10 -0.22 -0.37 -0.13 -0.05  0.09 -0.08 -0.18 -0.23 -0.16 -0.26 -0.41 -0.12  0.02  0.34 -0.03  0.42  0.30  0.56  1.21  1.47  1.08 -1.26 -0.90 -0.05
 2000 12 -0.12 -0.12 -0.12 -0.15 -0.23 -0.10 -0.09  0.14 -0.13 -0.19 -0.21 -0.19 -0.15 -0.24 -0.07 -0.01  0.38 -0.08  0.60  0.36  0.87  0.23  0.95 -0.11 -1.37 -1.00  0.19
 2001  1 -0.24 -0.16 -0.27 -0.26 -0.12 -0.36 -0.21 -0.26 -0.20 -0.40 -0.40 -0.40 -0.21 -0.08 -0.32 -0.09 -0.02 -0.10 -0.27 -0.33 -0.19 -0.04  0.10 -0.11 -0.11  0.03  0.00
 2001  2 -0.06 -0.15 -0.02 -0.22 -0.27 -0.18  0.10  0.13  0.09 -0.26 -0.30 -0.25 -0.17 -0.25 -0.09  0.26  0.42  0.23  0.97  0.41  1.62 -0.05  0.16 -0.15 -0.27 -0.01  0.81
 2001  3 -0.11 -0.03 -0.15 -0.11  0.04 -0.20 -0.12 -0.18 -0.11 -0.34 -0.44 -0.32  0.04  0.17 -0.08 -0.02 -0.01 -0.03  0.63  0.70  0.55 -0.13  0.01 -0.20 -0.93 -0.95 -0.20
 2001  4  0.04  0.00  0.06 -0.00  0.05 -0.04  0.09 -0.11  0.13 -0.07 -0.11 -0.06  0.04  0.08  0.01  0.16 -0.08  0.21 -0.34 -0.17 -0.53 -0.15 -0.26 -0.10  0.29  0.20 -0.08
 2001  5  0.06  0.20  0.00  0.10  0.27 -0.01  0.02  0.04  0.01 -0.09 -0.07 -0.09  0.19  0.34  0.05  0.08  0.17  0.07 -0.12  0.08 -0.36  0.39  0.76  0.21  0.24 -0.13 -0.41
 2001  6 -0.11 -0.07 -0.12 -0.13 -0.04 -0.19 -0.08 -0.15 -0.07 -0.30 -0.44 -0.26 -0.05  0.05 -0.13  0.04  0.13  0.02 -0.12 -0.00 -0.26  0.14  0.40  0.01 -0.20 -0.15  0.05
 2001  7 -0.07  0.00 -0.10 -0.02  0.04 -0.06 -0.12 -0.09 -0.12 -0.15 -0.20 -0.14  0.03  0.09 -0.02 -0.08  0.05 -0.10  0.06  0.23 -0.14  0.30  0.61  0.15  0.13  0.07 -0.52
 2001  8  0.10  0.11  0.10  0.20  0.21  0.20 -0.01 -0.12  0.02  0.12  0.05  0.14  0.22  0.24  0.21 -0.05 -0.21 -0.02  0.46  0.54  0.37 -0.59 -1.20 -0.31  0.27  0.36  0.49
 2001  9 -0.17 -0.22 -0.15 -0.13 -0.19 -0.10 -0.21 -0.28 -0.19 -0.18 -0.18 -0.19 -0.11 -0.19 -0.04 -0.21 -0.35 -0.19  0.09 -0.09  0.29 -0.70 -0.54 -0.78 -0.21 -0.13 -0.41
 2001 10  0.00 -0.15  0.07 -0.05 -0.07 -0.04  0.06 -0.34  0.14  0.10 -0.01  0.13 -0.13 -0.10 -0.16  0.04 -0.54  0.14 -0.58 -0.52 -0.64 -0.74 -1.07 -0.58 -0.28 -0.49 -0.37
 2001 11  0.03  0.02  0.04  0.10  0.22  0.02 -0.03 -0.44  0.06  0.10  0.08  0.10  0.09  0.26 -0.06 -0.09 -0.84  0.04 -0.26 -0.07 -0.47 -1.41 -2.19 -1.04  0.90  0.75  0.11
 2001 12  0.03 -0.06  0.06  0.13  0.07  0.16 -0.07 -0.36 -0.01  0.05  0.09  0.03  0.16  0.08  0.24 -0.12 -0.76 -0.01  0.88  0.78  0.99 -1.36 -1.58 -1.26  0.38  0.29 -0.18
 2002  1  0.07  0.28 -0.01  0.24  0.44  0.12 -0.10 -0.09 -0.10 -0.06 -0.12 -0.05  0.40  0.60  0.22 -0.11 -0.13 -0.11  0.84  0.90  0.78  0.04  0.41 -0.14  0.32  0.42 -0.52
 2002  2  0.11  0.20  0.08  0.11  0.31 -0.02  0.12 -0.06  0.15  0.04  0.08  0.02  0.15  0.38 -0.05  0.16 -0.20  0.22 -0.90 -0.61 -1.23  0.22 -0.19  0.41  0.36  0.09 -0.11
 2002  3  0.08  0.16  0.05  0.12  0.17  0.08  0.04  0.15  0.02  0.03 -0.02  0.05  0.17  0.21  0.13  0.04  0.29 -0.01  0.80  0.56  1.06  0.47  0.87  0.28 -0.80 -0.58 -0.41
 2002  4  0.10  0.09  0.10  0.06 -0.01  0.10  0.14  0.32  0.10 -0.02  0.05 -0.04  0.10 -0.04  0.22  0.22  0.55  0.16 -0.43 -0.53 -0.32  0.55  1.03  0.32  0.59  0.39  0.25
 2002  5  0.12  0.13  0.12  0.03 -0.10  0.12  0.22  0.66  0.12  0.14  0.10  0.15 -0.03 -0.16  0.09  0.26  1.12  0.11  0.09 -0.04  0.23  1.15  2.47  0.52 -0.38 -0.25  0.30
 2002  6  0.13  0.07  0.16 -0.04 -0.08 -0.01  0.31  0.42  0.28  0.02 -0.06  0.05 -0.06 -0.08 -0.04  0.44  0.75  0.39 -0.07 -0.09 -0.05  0.84  1.33  0.62  0.28  0.18  0.97
 2002  7  0.13  0.10  0.14  0.07  0.05  0.08  0.19  0.20  0.19  0.15  0.08  0.17 -0.00  0.01 -0.02  0.24  0.38  0.21 -0.04 -0.03 -0.06  0.49  0.99  0.25  0.23  0.11  0.42
 2002  8  0.09 -0.13  0.18 -0.19 -0.25 -0.16  0.38  0.12  0.43  0.00 -0.03  0.01 -0.30 -0.32 -0.27  0.58  0.29  0.63 -0.21 -0.35 -0.05  0.94  0.52  1.14 -0.31 -0.41  0.19
 2002  9  0.08  0.02  0.10 -0.15 -0.17 -0.14  0.31  0.46  0.28 -0.11 -0.17 -0.10 -0.18 -0.19 -0.18  0.55  0.98  0.47 -0.04 -0.07 -0.00  2.59  2.80  2.49  0.11  0.17  0.00
 2002 10 -0.02 -0.07 -0.00 -0.32 -0.44 -0.25  0.28  0.77  0.17 -0.10 -0.17 -0.08 -0.42 -0.49 -0.35  0.46  1.43  0.28  0.41  0.39  0.44  2.36  3.20  1.96 -1.18 -0.73  0.17
 2002 11  0.12  0.19  0.09  0.04  0.01  0.06  0.19  0.60  0.11  0.06 -0.04  0.09  0.04  0.03  0.05  0.26  1.07  0.12  0.35  0.43  0.26  1.99  2.70  1.65 -0.53 -0.11  0.10
 2002 12  0.07 -0.09  0.14 -0.04 -0.22  0.08  0.18  0.21  0.18  0.20  0.09  0.23 -0.16 -0.30 -0.03  0.17  0.27  0.16  0.35  0.05  0.71  1.00  1.11  0.96 -0.38 -0.10 -0.53
 2003  1  0.19  0.38  0.12  0.32  0.45  0.24  0.06  0.21  0.03  0.25  0.22  0.26  0.35  0.53  0.20 -0.03  0.17 -0.07  0.63  0.79  0.46  0.46  0.53  0.43  0.11  0.44 -0.18
 2003  2  0.12  0.06  0.14  0.03 -0.06  0.09  0.20  0.35  0.18  0.29  0.21  0.32 -0.12 -0.15 -0.08  0.17  0.50  0.11  0.05  0.05  0.06  0.32  0.90  0.04 -0.59 -0.26  0.02
 2003  3  0.03 -0.06  0.07 -0.04 -0.17  0.05  0.11  0.18  0.09  0.10  0.00  0.13 -0.12 -0.22 -0.03  0.12  0.31  0.09  0.37  0.30  0.43  0.25  0.68  0.04 -0.05  0.04 -0.33
 2003  4  0.04 -0.02  0.06  0.08 -0.01  0.13  0.00 -0.04  0.01  0.07  0.06  0.07  0.08 -0.04  0.18 -0.04 -0.09 -0.03  0.20  0.05  0.38  0.06 -0.11  0.13  0.02  0.20 -0.23
 2003  5  0.09  0.03  0.11  0.14  0.05  0.20  0.03 -0.02  0.04  0.07  0.10  0.06  0.17  0.03  0.29  0.02 -0.06  0.03  0.25  0.15  0.36 -0.67 -0.92 -0.55  0.14  0.03  0.73
 2003  6 -0.11 -0.18 -0.09 -0.04 -0.16  0.03 -0.18 -0.23 -0.17 -0.16 -0.17 -0.15  0.03 -0.15  0.19 -0.21 -0.29 -0.19 -0.01 -0.15  0.16 -0.73 -0.91 -0.64 -0.35 -0.29 -0.06
 2003  7 -0.07 -0.12 -0.05 -0.09 -0.11 -0.08 -0.05 -0.14 -0.03 -0.02 -0.05 -0.01 -0.12 -0.11 -0.13 -0.07 -0.23 -0.04  0.09  0.14  0.04 -0.42 -0.73 -0.28  0.18  0.20  0.22
 2003  8 -0.06 -0.06 -0.05  0.04  0.08  0.01 -0.15 -0.36 -0.10  0.01 -0.07  0.04  0.04  0.10 -0.01 -0.22 -0.52 -0.17  0.39  0.42  0.35 -0.10 -0.50  0.09  0.31  0.22 -0.33
 2003  9 -0.05  0.03 -0.09  0.05  0.06  0.05 -0.16 -0.04 -0.19 -0.05 -0.15 -0.02  0.10  0.11  0.09 -0.21  0.05 -0.25  0.18  0.32  0.03 -0.05  0.01 -0.08 -0.30 -0.35  0.59
 2003 10  0.10  0.12  0.09  0.22  0.28  0.18 -0.01 -0.22  0.03  0.11  0.10  0.11  0.26  0.31  0.20 -0.06 -0.44  0.01  0.92  0.96  0.87 -0.39 -0.71 -0.24  0.56  0.67 -0.61
 2003 11  0.05 -0.18  0.13 -0.12 -0.32  0.01  0.21  0.14  0.22  0.10  0.05  0.11 -0.22 -0.41 -0.05  0.25  0.19  0.27 -0.58 -0.76 -0.38  0.61  0.46  0.69 -0.04 -0.19 -0.07
 2003 12  0.22  0.43  0.13  0.34  0.49  0.25  0.09  0.31  0.04  0.09  0.06  0.10  0.49  0.61  0.37  0.08  0.45  0.01  0.63  0.90  0.32  0.42  0.95  0.17  0.43  0.42  0.49
 2004  1  0.08  0.03  0.09  0.05 -0.02  0.09  0.10  0.12  0.10  0.11  0.10  0.11  0.02 -0.04  0.08  0.09  0.12  0.08  1.49  1.14  1.90  0.26  0.43  0.18 -0.45 -0.37 -0.32
 2004  2  0.05  0.18 -0.00  0.15  0.20  0.12 -0.06  0.11 -0.10  0.07 -0.08  0.11  0.17  0.27  0.07 -0.10  0.27 -0.16  1.02  1.01  1.03  0.05  0.47 -0.15 -0.79 -0.69  0.66
 2004  3  0.21  0.31  0.18  0.29  0.35  0.25  0.14  0.23  0.13  0.16  0.17  0.15  0.35  0.40  0.30  0.15  0.26  0.13  0.14  0.04  0.25  0.10  0.25  0.02  0.83  0.60  0.47
 2004  4  0.06 -0.00  0.09  0.03 -0.06  0.08  0.10  0.11  0.10  0.00 -0.03  0.01  0.04 -0.06  0.13  0.15  0.20  0.14 -0.24 -0.52  0.07  0.06  0.27 -0.04  0.03  0.14 -0.05
 2004  5  0.03  0.03  0.03  0.13  0.13  0.14 -0.07 -0.19 -0.05 -0.03 -0.04 -0.03  0.21  0.16  0.26 -0.08 -0.25 -0.05  0.30  0.26  0.35 -0.00 -0.01  0.00  0.25  0.48 -0.16
 2004  6 -0.09 -0.21 -0.04 -0.18 -0.29 -0.10 -0.01 -0.04 -0.00 -0.24 -0.37 -0.21 -0.14 -0.28 -0.02  0.12  0.24  0.10 -0.10 -0.16 -0.02  0.14 -0.01  0.21 -0.57 -0.25  0.92
 2004  7 -0.31 -0.56 -0.21 -0.34 -0.49 -0.25 -0.28 -0.72 -0.18 -0.36 -0.39 -0.36 -0.34 -0.52 -0.18 -0.22 -0.97 -0.09 -0.10 -0.25  0.06 -0.97 -1.91 -0.52 -0.61 -0.41 -0.42
 2004  8 -0.19 -0.33 -0.13 -0.17 -0.35 -0.05 -0.21 -0.28 -0.19 -0.06 -0.10 -0.05 -0.24 -0.43 -0.08 -0.26 -0.39 -0.24 -0.01 -0.19  0.19 -0.67 -0.87 -0.57 -1.13 -0.73 -0.12
 2004  9 -0.15 -0.22 -0.12 -0.19 -0.15 -0.21 -0.11 -0.37 -0.06 -0.24 -0.26 -0.24 -0.16 -0.13 -0.18 -0.04 -0.43  0.03 -0.23 -0.23 -0.25 -0.10 -0.70  0.18 -0.05 -0.28 -0.58
 2004 10 -0.02 -0.10  0.01 -0.09 -0.18 -0.02  0.04  0.10  0.03 -0.05 -0.08 -0.04 -0.10 -0.21  0.00  0.09  0.25  0.06 -0.08 -0.22  0.08  0.59  0.81  0.48 -0.20 -0.05  0.14
 2004 11 -0.09  0.02 -0.13  0.00  0.09 -0.05 -0.18 -0.13 -0.18  0.05 -0.02  0.07 -0.02  0.12 -0.14 -0.29 -0.20 -0.31  0.00  0.23 -0.26 -0.13 -0.14 -0.12 -0.07 -0.13 -0.35
 2004 12 -0.08 -0.17 -0.05 -0.12 -0.31  0.01 -0.05  0.14 -0.09  0.10  0.10  0.11 -0.23 -0.44 -0.05 -0.13  0.23 -0.19 -1.31 -1.40 -1.19  0.31  1.09 -0.05 -0.10 -0.18 -0.45
 2005  1  0.10  0.08  0.10  0.09 -0.02  0.16  0.11  0.33  0.06  0.21  0.17  0.22  0.03 -0.05  0.10  0.05  0.36 -0.01 -0.49 -0.32 -0.69  0.52  0.69  0.45  0.44  0.34  0.10
 2005  2  0.04 -0.20  0.13 -0.06 -0.39  0.15  0.13  0.21  0.11  0.42  0.48  0.40 -0.32 -0.62 -0.06 -0.01  0.04 -0.01 -0.67 -0.73 -0.60  0.03  0.12 -0.02  0.25  0.16 -0.21
 2005  3  0.06  0.12  0.03  0.18  0.13  0.21 -0.06  0.10 -0.09  0.27  0.24  0.27  0.13  0.09  0.15 -0.23  0.01 -0.27  0.83  0.86  0.79 -0.08  0.30 -0.26 -0.65 -0.21 -0.25
 2005  4  0.20  0.27  0.17  0.29  0.33  0.26  0.10  0.12  0.10  0.27  0.30  0.27  0.29  0.36  0.23  0.02 -0.05  0.04  0.81  0.88  0.73 -0.16 -0.58  0.04  0.03  0.11  0.91
 2005  5 -0.02 -0.13  0.02 -0.15 -0.21 -0.11  0.10  0.04  0.11 -0.05 -0.13 -0.02 -0.20 -0.20 -0.21  0.18  0.06  0.20  0.32  0.46  0.17  0.05 -0.01  0.09 -0.59 -0.37  0.16
 2005  6  0.00  0.01 -0.00  0.03 -0.03  0.08 -0.03  0.10 -0.06  0.07  0.06  0.07  0.01 -0.05  0.06 -0.08  0.11 -0.11 -0.04 -0.06 -0.03  0.29  0.42  0.22  0.01  0.03 -0.10
 2005  7  0.06  0.02  0.07  0.06 -0.02  0.11  0.06  0.13  0.04  0.05 -0.02  0.07  0.08 -0.01  0.16  0.05  0.19  0.03 -0.02 -0.15  0.13  0.01 -0.03  0.03  0.37  0.19  0.38
 2005  8 -0.04 -0.06 -0.03 -0.01 -0.05  0.01 -0.07 -0.07 -0.07 -0.03 -0.00 -0.03 -0.00 -0.05  0.05 -0.09 -0.14 -0.08  0.05  0.03  0.07 -0.13 -0.47  0.03  0.01  0.11 -0.00
 2005  9  0.08  0.12  0.06  0.03  0.10 -0.02  0.12  0.14  0.12  0.07  0.07  0.06 -0.00  0.10 -0.09  0.17  0.23  0.15 -0.52 -0.36 -0.72  0.31  0.77  0.09  0.37  0.34  0.25
 2005 10  0.08  0.20  0.04  0.09  0.19  0.03  0.07  0.20  0.04 -0.10 -0.08 -0.10  0.19  0.27  0.11  0.16  0.41  0.12  0.10  0.12  0.07  0.71  0.89  0.62  0.55  0.36  0.32
 2005 11  0.07  0.15  0.03  0.04  0.18 -0.05  0.09  0.08  0.09 -0.02 -0.01 -0.03  0.07  0.23 -0.07  0.16  0.14  0.16  0.64  0.94  0.31  0.63  0.29  0.79  0.38  0.20  0.15
 2005 12 -0.05  0.11 -0.12 -0.05  0.06 -0.12 -0.06  0.22 -0.12 -0.13 -0.11 -0.13 -0.01  0.09 -0.10 -0.01  0.52 -0.11  0.88  1.01  0.74  0.63  1.43  0.25 -0.57 -0.23  0.22
 2006  1 -0.02 -0.03 -0.02 -0.05 -0.07 -0.04  0.01  0.06 -0.00 -0.18 -0.02 -0.23  0.01 -0.11  0.12  0.11  0.20  0.10  0.78 -0.07  1.75  0.06  0.03  0.08  0.96  0.66  0.58
 2006  2 -0.02  0.05 -0.05  0.04  0.14 -0.03 -0.08 -0.16 -0.06  0.01  0.12 -0.02  0.06  0.13 -0.00 -0.14 -0.32 -0.11  1.41  0.81  2.10 -0.28 -0.47 -0.19 -0.61 -0.76 -0.36
 2006  3  0.02  0.01  0.02 -0.04 -0.02 -0.05  0.08  0.08  0.08 -0.17 -0.15 -0.17  0.05  0.02  0.08  0.18  0.24  0.17  0.57  0.48  0.68  0.17  0.27  0.12 -0.58 -0.44  0.35
 2006  4 -0.07 -0.03 -0.09 -0.10 -0.04 -0.15 -0.04 -0.01 -0.04 -0.20 -0.23 -0.19 -0.06  0.01 -0.12  0.06  0.18  0.04 -0.78 -0.81 -0.75 -0.07  0.18 -0.18  1.15  0.76  0.36
 2006  5 -0.19 -0.24 -0.18 -0.08 -0.07 -0.09 -0.30 -0.61 -0.24 -0.28 -0.35 -0.26  0.01 -0.00  0.02 -0.31 -0.80 -0.22 -0.15 -0.16 -0.14 -0.71 -1.15 -0.49  0.19  0.21 -0.66
 2006  6 -0.07 -0.00 -0.10 -0.00  0.08 -0.06 -0.13 -0.18 -0.12 -0.11 -0.18 -0.09  0.06  0.15 -0.02 -0.15 -0.19 -0.15  0.35  0.40  0.29 -0.11 -0.34 -0.00  0.09  0.06 -0.47
 2006  7  0.04  0.10  0.02  0.14  0.17  0.13 -0.06 -0.04 -0.07  0.15  0.14  0.15  0.14  0.16  0.12 -0.17 -0.13 -0.17  0.14  0.08  0.22 -0.61 -0.94 -0.45  0.54  0.44  0.07
 2006  8 -0.01  0.07 -0.04  0.04  0.01  0.06 -0.06  0.22 -0.12  0.06  0.04  0.07  0.03 -0.00  0.06 -0.13  0.35 -0.21  0.08  0.00  0.16 -0.07  0.69 -0.42  0.07 -0.06  0.39
 2006  9 -0.08 -0.01 -0.10  0.07  0.10  0.05 -0.23 -0.26 -0.22 -0.04 -0.14 -0.01  0.14  0.16  0.12 -0.33 -0.34 -0.33  0.85  0.96  0.72 -0.84 -0.81 -0.86 -0.89 -0.58  0.06
 2006 10  0.01 -0.06  0.03  0.04 -0.04  0.08 -0.02 -0.09 -0.00  0.19  0.12  0.21 -0.04 -0.09  0.00 -0.13 -0.24 -0.12 -0.04 -0.13  0.06 -0.66 -0.98 -0.51 -0.54 -0.36  0.15
 2006 11 -0.14 -0.18 -0.13 -0.14 -0.14 -0.14 -0.14 -0.28 -0.11 -0.01 -0.10  0.02 -0.20 -0.14 -0.24 -0.23 -0.43 -0.19 -0.23 -0.32 -0.13 -1.09 -1.53 -0.89  0.10 -0.32  0.33
 2006 12 -0.03  0.03 -0.05  0.13  0.24  0.06 -0.18 -0.44 -0.13  0.21  0.10  0.24  0.09  0.26 -0.06 -0.38 -0.79 -0.31 -0.15 -0.05 -0.25 -1.08 -1.49 -0.88  0.74  0.51 -0.82
 2007  1  0.22  0.44  0.13  0.30  0.54  0.15  0.14  0.20  0.12  0.44  0.33  0.47  0.24  0.62 -0.09 -0.04  0.05 -0.05 -0.57 -0.01 -1.21  0.08  0.04  0.10  0.38  0.15  0.02
 2007  2 -0.01 -0.01 -0.01  0.08  0.03  0.11 -0.10 -0.09 -0.10  0.14  0.14  0.14  0.03 -0.02  0.08 -0.22 -0.23 -0.21 -0.21 -0.49  0.11 -0.22 -0.38 -0.14 -0.60 -0.39 -0.27
 2007  3  0.07  0.20  0.03  0.14  0.20  0.10  0.01  0.18 -0.03  0.00 -0.04  0.01  0.20  0.25  0.15  0.03  0.39 -0.04 -0.00  0.02 -0.03  0.13  0.51 -0.05  1.17  0.74  0.58
 2007  4 -0.03  0.15 -0.10  0.05  0.15 -0.02 -0.11  0.14 -0.16 -0.05  0.02 -0.07  0.09  0.19  0.01 -0.13  0.23 -0.20  0.42  0.56  0.26  0.01  0.55 -0.25 -0.01  0.14  0.09
 2007  5 -0.02  0.22 -0.12  0.02  0.17 -0.08 -0.06  0.35 -0.15  0.00  0.12 -0.03  0.01  0.18 -0.14 -0.08  0.53 -0.19 -0.44 -0.37 -0.53  0.25  1.51 -0.34  0.16  0.07  0.28
 2007  6 -0.05  0.06 -0.10  0.02  0.03  0.01 -0.12  0.14 -0.17 -0.03 -0.01 -0.04  0.03  0.04  0.02 -0.15  0.23 -0.22  0.32  0.03  0.64  0.52  1.39  0.11 -0.06 -0.06 -1.07
 2007  7  0.03  0.07  0.02  0.01  0.03 -0.01  0.06  0.15  0.04 -0.06 -0.07 -0.06  0.03  0.06  0.01  0.13  0.31  0.09  0.28  0.27  0.30  0.74  1.16  0.55  0.03  0.04 -0.08
 2007  8  0.04  0.11  0.01 -0.01  0.10 -0.08  0.08  0.12  0.08 -0.17 -0.09 -0.19  0.09  0.18  0.02  0.20  0.20  0.20  0.20  0.18  0.22  0.00  0.26 -0.12  0.66  0.62  0.41
 2007  9 -0.06  0.05 -0.10 -0.08  0.02 -0.14 -0.04  0.12 -0.07 -0.13 -0.11 -0.13 -0.04  0.07 -0.13 -0.00  0.24 -0.04 -0.53 -0.51 -0.55 -0.50 -0.21 -0.64  0.09  0.10  0.43
 2007 10 -0.04  0.00 -0.06 -0.07  0.03 -0.13 -0.02 -0.06 -0.01 -0.30 -0.28 -0.31  0.06  0.11  0.02  0.13  0.10  0.13  0.27  0.16  0.40  0.22  0.13  0.26  0.85  0.52  0.27
 2007 11 -0.08 -0.06 -0.08 -0.13 -0.03 -0.19 -0.03 -0.13 -0.00 -0.22 -0.10 -0.25 -0.08 -0.01 -0.13  0.07 -0.17  0.11 -0.04  0.02 -0.10 -0.10 -0.14 -0.08  0.19  0.24 -0.06
 2007 12 -0.17 -0.23 -0.14 -0.24 -0.12 -0.31 -0.10 -0.47 -0.02 -0.35 -0.21 -0.39 -0.18 -0.12 -0.24  0.03 -0.62  0.15 -0.04 -0.15  0.09 -0.51 -1.44 -0.07  0.08 -0.05 -0.05
 2008  1 -0.33 -0.49 -0.26 -0.47 -0.57 -0.41 -0.18 -0.30 -0.15 -0.39 -0.31 -0.41 -0.50 -0.63 -0.38 -0.09 -0.31 -0.04 -1.11 -0.97 -1.27 -0.31 -0.74 -0.11 -0.54 -0.64  0.14
 2008  2 -0.23 -0.28 -0.22 -0.13 -0.15 -0.12 -0.34 -0.57 -0.29 -0.54 -0.47 -0.56  0.08 -0.07  0.20 -0.23 -0.63 -0.16 -0.26 -0.23 -0.29 -0.46 -1.02 -0.20  0.29  0.25 -0.41
 2008  3 -0.30  0.06 -0.44 -0.14  0.27 -0.41 -0.46 -0.41 -0.47 -0.71 -0.53 -0.77  0.14  0.43 -0.13 -0.31 -0.19 -0.33  0.36  0.50  0.20 -0.02  0.24 -0.14 -0.77 -0.85 -0.63
 2008  4 -0.28 -0.09 -0.36 -0.18 -0.04 -0.27 -0.39 -0.20 -0.42 -0.62 -0.46 -0.67  0.04  0.06  0.01 -0.25  0.00 -0.30 -0.02 -0.11  0.08  0.59  1.29  0.26 -0.39 -0.38 -0.90
 2008  5 -0.38 -0.22 -0.45 -0.31 -0.19 -0.38 -0.46 -0.30 -0.49 -0.65 -0.51 -0.69 -0.15 -0.11 -0.18 -0.34 -0.10 -0.38 -0.00  0.03 -0.05  0.17  0.53 -0.00 -0.19 -0.23 -0.69
 2008  6 -0.30 -0.21 -0.33 -0.30 -0.12 -0.42 -0.29 -0.40 -0.27 -0.43 -0.29 -0.47 -0.22 -0.07 -0.35 -0.24 -0.50 -0.19 -0.31 -0.22 -0.40 -0.58 -1.21 -0.28 -0.38 -0.45  0.20
 2008  7 -0.24 -0.13 -0.28 -0.17 -0.14 -0.20 -0.30 -0.11 -0.34 -0.30 -0.24 -0.32 -0.09 -0.09 -0.09 -0.31 -0.06 -0.36 -0.08 -0.13 -0.02 -0.20 -0.26 -0.18 -0.08 -0.15 -0.49
 2008  8 -0.32 -0.21 -0.36 -0.16 -0.04 -0.24 -0.47 -0.60 -0.45 -0.29 -0.10 -0.34 -0.08 -0.00 -0.15 -0.58 -1.03 -0.50  0.13  0.15  0.11 -0.72 -1.25 -0.48 -0.10 -0.20 -1.53
 2008  9 -0.20 -0.18 -0.21 -0.14 -0.18 -0.12 -0.27 -0.19 -0.28 -0.10  0.01 -0.13 -0.17 -0.23 -0.11 -0.35 -0.36 -0.35  0.02 -0.03  0.08 -0.53 -0.75 -0.43 -0.38 -0.40 -0.02
 2008 10 -0.22 -0.07 -0.27 -0.19 -0.01 -0.32 -0.24 -0.22 -0.24 -0.08  0.03 -0.11 -0.24 -0.01 -0.44 -0.34 -0.43 -0.32 -0.49 -0.25 -0.76 -0.86 -1.20 -0.71 -0.14 -0.45  0.17
 2008 11 -0.14 -0.05 -0.18 -0.16  0.02 -0.27 -0.12 -0.19 -0.11 -0.08  0.11 -0.13 -0.21 -0.02 -0.37 -0.14 -0.40 -0.10 -0.28 -0.17 -0.41 -0.92 -1.38 -0.71 -0.07 -0.21  0.20
 2008 12 -0.15 -0.19 -0.14 -0.08 -0.14 -0.04 -0.23 -0.33 -0.21 -0.26 -0.12 -0.30  0.03 -0.15  0.19 -0.22 -0.45 -0.18  0.22  0.02  0.46 -0.87 -1.31 -0.66 -0.25 -0.13  0.11
 2009  1 -0.08 -0.05 -0.10 -0.04 -0.00 -0.06 -0.13 -0.14 -0.13 -0.30 -0.18 -0.34  0.13  0.04  0.20 -0.06 -0.10 -0.05  0.13 -0.05  0.35 -0.16 -0.16 -0.17  0.05 -0.12  0.10
 2009  2 -0.05  0.23 -0.16  0.18  0.39  0.05 -0.28 -0.13 -0.31 -0.32 -0.19 -0.36  0.45  0.52  0.38 -0.25  0.00 -0.30  1.94  1.39  2.57 -0.39  0.18 -0.66 -0.34 -0.37 -0.06
 2009  3 -0.10  0.01 -0.14 -0.12 -0.01 -0.19 -0.08  0.06 -0.11 -0.33 -0.19 -0.37  0.03  0.05  0.01  0.01  0.21 -0.02  0.51  0.33  0.71  0.44  0.69  0.31 -0.02 -0.24 -0.22
 2009  4 -0.12 -0.14 -0.11 -0.16 -0.13 -0.17 -0.09 -0.17 -0.07 -0.07 -0.06 -0.07 -0.21 -0.17 -0.24 -0.10 -0.19 -0.08 -0.69 -0.58 -0.81 -0.53 -0.43 -0.57 -0.33 -0.44 -0.37
 2009  5 -0.18 -0.17 -0.19 -0.24 -0.28 -0.21 -0.13  0.08 -0.17 -0.19 -0.20 -0.19 -0.27 -0.32 -0.23 -0.09  0.35 -0.17 -0.49 -0.66 -0.29  0.41  1.29 -0.01  0.03 -0.01 -0.69
 2009  6 -0.29 -0.32 -0.27 -0.35 -0.46 -0.28 -0.22 -0.01 -0.27 -0.19 -0.22 -0.18 -0.44 -0.53 -0.36 -0.24  0.17 -0.31 -0.34 -0.24 -0.45  0.30  0.97 -0.02 -0.40 -0.38 -0.08
 2009  7  0.07 -0.02  0.10 -0.09 -0.23 -0.01  0.23  0.46  0.18  0.21  0.15  0.22 -0.25 -0.34 -0.16  0.23  0.73  0.14 -0.23 -0.33 -0.13  1.12  2.10  0.65 -0.74 -0.52  0.37
 2009  8 -0.05 -0.05 -0.04  0.00 -0.17  0.11 -0.09  0.21 -0.15  0.24  0.22  0.24 -0.14 -0.29 -0.00 -0.25  0.25 -0.34 -0.30 -0.32 -0.28 -0.23  0.00 -0.34 -0.31 -0.28  1.04
 2009  9  0.10  0.18  0.07  0.15  0.20  0.12  0.05  0.14  0.03  0.33  0.36  0.32  0.04  0.16 -0.06 -0.09 -0.04 -0.10  0.10  0.33 -0.18 -0.63 -0.17 -0.84 -0.00 -0.01  0.39
 2009 10  0.04 -0.14  0.11 -0.01 -0.16  0.09  0.09 -0.09  0.12  0.15  0.12  0.16 -0.10 -0.25  0.02  0.07 -0.21  0.12 -0.23 -0.33 -0.12  0.04 -0.28  0.19 -0.68 -0.37 -0.33
 2009 11  0.15  0.19  0.13  0.10  0.11  0.10  0.19  0.37  0.15  0.25  0.21  0.26  0.05  0.10  0.01  0.14  0.44  0.09  0.26 -0.09  0.67  0.31  0.54  0.20  0.58  0.35  0.35
 2009 12  0.01 -0.04  0.03 -0.03 -0.13  0.04  0.05  0.17  0.03  0.17  0.07  0.19 -0.13 -0.20 -0.07 -0.00  0.30 -0.06  0.79  0.49  1.12  0.45  0.67  0.34 -1.46 -1.08  0.05
 2010  1  0.31  0.30  0.31  0.35  0.27  0.39  0.28  0.38  0.25  0.44  0.35  0.47  0.26  0.22  0.29  0.22  0.46  0.18  0.40  0.29  0.52  0.59  0.91  0.44 -0.18 -0.09  0.20
 2010  2  0.30  0.23  0.33  0.30  0.15  0.40  0.31  0.41  0.28  0.57  0.56  0.57  0.15  0.05  0.24  0.18  0.26  0.17  1.59  1.27  1.95  0.40  0.60  0.30 -1.38 -1.01 -0.40
 2010  3  0.38  0.41  0.37  0.41  0.40  0.41  0.36  0.44  0.34  0.58  0.51  0.60  0.30  0.37  0.24  0.25  0.39  0.23  0.79  0.64  0.97  0.37  0.46  0.33 -0.23 -0.21  0.07
 2010  4  0.22  0.21  0.23  0.29  0.23  0.34  0.16  0.18  0.15  0.54  0.56  0.54  0.16  0.16  0.16 -0.04 -0.16 -0.02  0.65  0.69  0.60 -0.57 -0.83 -0.45  0.18  0.14  0.63
 2010  5  0.32  0.37  0.31  0.48  0.45  0.50  0.17  0.19  0.17  0.70  0.71  0.70  0.35  0.38  0.32 -0.09 -0.21 -0.07  0.68  0.73  0.63 -0.89 -0.88 -0.90 -0.07 -0.03  0.31
 2010  6  0.21  0.20  0.21  0.31  0.33  0.30  0.11 -0.09  0.15  0.33  0.40  0.30  0.31  0.33  0.30 -0.02 -0.51  0.07  0.07  0.01  0.15 -0.96 -1.56 -0.67  0.64  0.51  0.07
 2010  7  0.24  0.20  0.25  0.35  0.42  0.31  0.13 -0.28  0.21  0.15  0.20  0.14  0.47  0.51  0.44  0.10 -0.72  0.24  0.47  0.61  0.31 -1.08 -1.97 -0.66  0.67  0.56 -0.31
 2010  8  0.26  0.28  0.25  0.36  0.45  0.30  0.16 -0.11  0.21  0.11  0.24  0.07  0.51  0.53  0.49  0.16 -0.43  0.27  0.62  0.55  0.70 -0.74 -1.46 -0.40  0.93  0.89  0.06
 2010  9  0.22  0.26  0.21  0.24  0.31  0.20  0.20  0.15  0.21  0.03  0.16 -0.01  0.38  0.38  0.39  0.27  0.03  0.31  0.36  0.20  0.54  0.25  0.03  0.36  0.61  0.76 -0.35
 2010 10  0.06  0.14  0.03  0.08  0.25 -0.02  0.03 -0.12  0.06  0.00  0.18 -0.05  0.13  0.27  0.01  0.04 -0.35  0.11  0.40  0.32  0.50 -0.35 -0.55 -0.26  0.10  0.07 -0.49
 2010 11  0.01  0.10 -0.03  0.13  0.44 -0.07 -0.11 -0.67  0.00 -0.17 -0.03 -0.21  0.29  0.55  0.06 -0.09 -1.13  0.09  0.18  0.47 -0.15 -1.48 -2.24 -1.12 -0.03  0.07 -0.55
 2010 12 -0.07  0.06 -0.12 -0.11  0.16 -0.28 -0.03 -0.15  0.00 -0.38 -0.16 -0.45  0.05  0.25 -0.13  0.15 -0.16  0.21  0.37  0.49  0.24 -0.79 -0.81 -0.78 -0.72 -0.72  0.20
 2011  1 -0.21 -0.26 -0.18 -0.35 -0.37 -0.33 -0.06 -0.02 -0.07 -0.47 -0.29 -0.52 -0.28 -0.39 -0.18  0.14  0.18  0.14  0.34  0.35  0.34 -0.29  0.08 -0.47 -0.80 -0.59  0.45
 2011  2 -0.22 -0.37 -0.16 -0.37 -0.43 -0.32 -0.07 -0.22 -0.04 -0.40 -0.29 -0.43 -0.37 -0.50 -0.25  0.12 -0.07  0.16 -1.47 -1.64 -1.27 -0.16 -0.01 -0.24 -0.18 -0.32 -0.23
 2011  3 -0.32 -0.33 -0.32 -0.47 -0.44 -0.48 -0.18 -0.07 -0.20 -0.40 -0.34 -0.42 -0.50 -0.47 -0.54 -0.06  0.12 -0.09 -1.08 -0.86 -1.33  0.15  0.27  0.10 -0.19 -0.21 -0.00
 2011  4 -0.19 -0.15 -0.21 -0.19 -0.18 -0.19 -0.20 -0.09 -0.22 -0.39 -0.27 -0.43 -0.09 -0.16 -0.03 -0.08  0.04 -0.10  0.34  0.07  0.64  0.04  0.64 -0.25  0.12  0.09 -0.32
 2011  5 -0.14 -0.08 -0.16 -0.16 -0.07 -0.22 -0.11 -0.11 -0.11 -0.23 -0.05 -0.29 -0.12 -0.07 -0.17 -0.05 -0.18 -0.02  0.35  0.29  0.42 -0.05  0.04 -0.09 -0.39 -0.24 -0.56
 2011  6 -0.01  0.09 -0.06  0.03  0.13 -0.04 -0.06 -0.00 -0.07 -0.02  0.13 -0.07  0.04  0.14 -0.04 -0.06 -0.11 -0.05  0.16  0.17  0.15 -0.09 -0.23 -0.02 -0.02 -0.03  0.08
 2011  7  0.05  0.17  0.00  0.06  0.13  0.01  0.04  0.26 -0.01 -0.08  0.00 -0.10  0.14  0.17  0.11  0.09  0.45  0.03  0.21  0.30  0.12  0.92  1.54  0.63  0.75  0.58 -0.13
 2011  8  0.01  0.13 -0.04  0.00  0.06 -0.03  0.01  0.29 -0.04 -0.03  0.01 -0.04  0.03  0.07 -0.00  0.02  0.49 -0.06  0.09  0.06  0.12  0.64  1.45  0.26  0.58  0.38  0.07
 2011  9 -0.04  0.11 -0.10  0.03  0.14 -0.04 -0.11  0.07 -0.14 -0.03 -0.01 -0.04  0.06  0.17 -0.03 -0.15  0.14 -0.20  0.16  0.13  0.20  0.07  0.29 -0.03 -0.23 -0.26 -0.12
 2011 10 -0.26 -0.11 -0.32 -0.17 -0.00 -0.27 -0.35 -0.36 -0.35 -0.25 -0.17 -0.27 -0.13  0.02 -0.27 -0.41 -0.46 -0.40 -0.16 -0.08 -0.25 -0.82 -0.43 -1.00 -0.22 -0.34 -0.62
 2011 11 -0.21 -0.21 -0.22 -0.26 -0.29 -0.23 -0.17 -0.01 -0.21 -0.17 -0.12 -0.19 -0.31 -0.35 -0.27 -0.17  0.13 -0.22 -0.79 -0.92 -0.63 -0.47  0.23 -0.80 -0.04 -0.55 -0.01
 2011 12 -0.17 -0.20 -0.16 -0.25 -0.15 -0.32 -0.10 -0.31 -0.05 -0.14 -0.01 -0.18 -0.31 -0.20 -0.42 -0.06 -0.51  0.01 -1.28 -0.92 -1.68 -0.40 -0.91 -0.16  0.11 -0.09 -0.41
 2012  1 -0.34 -0.40 -0.32 -0.35 -0.40 -0.32 -0.34 -0.41 -0.32 -0.40 -0.28 -0.44 -0.33 -0.44 -0.23 -0.30 -0.47 -0.26 -0.14 -0.36  0.12 -0.41 -0.56 -0.34  0.66  0.16 -0.65
 2012  2 -0.38 -0.34 -0.40 -0.34 -0.31 -0.36 -0.42 -0.42 -0.43 -0.53 -0.40 -0.57 -0.22 -0.31 -0.14 -0.38 -0.36 -0.39  1.12  1.02  1.23 -0.11 -0.07 -0.14 -0.03  0.04 -0.95
 2012  3 -0.16 -0.17 -0.16 -0.17 -0.18 -0.16 -0.16 -0.14 -0.16 -0.39 -0.41 -0.38 -0.02 -0.12  0.06 -0.06  0.05 -0.08  0.09 -0.21  0.42  0.28  0.31  0.26  1.46  1.08 -0.04
 2012  4 -0.04  0.23 -0.14  0.01  0.40 -0.25 -0.08 -0.17 -0.06 -0.44 -0.35 -0.47  0.28  0.62 -0.02  0.07 -0.10  0.10  0.78  1.06  0.47  0.13  0.37  0.02  0.81  0.73 -0.34
 2012  5 -0.10  0.12 -0.18  0.07  0.27 -0.06 -0.27 -0.23 -0.27 -0.32 -0.32 -0.31  0.27  0.43  0.13 -0.24 -0.16 -0.25  0.43  0.58  0.26 -0.18 -0.03 -0.25  0.69  0.42 -0.59
 2012  6  0.01  0.12 -0.03  0.16  0.36  0.04 -0.15 -0.41 -0.09 -0.25 -0.26 -0.25  0.37  0.52  0.24 -0.08 -0.51 -0.00  0.94  1.10  0.76 -0.61 -0.95 -0.45  0.51  0.50  0.02
 2012  7 -0.11 -0.06 -0.12  0.03  0.18 -0.07 -0.24 -0.60 -0.16 -0.10 -0.11 -0.10  0.10  0.27 -0.06 -0.31 -1.03 -0.18  0.21  0.37  0.02 -1.10 -1.71 -0.81  0.40  0.31 -0.81
 2012  8 -0.04 -0.03 -0.04 -0.07 -0.00 -0.11 -0.01 -0.09  0.01 -0.12 -0.11 -0.12 -0.02  0.04 -0.07  0.03 -0.15  0.07 -0.15 -0.22 -0.06 -0.18 -0.40 -0.08  0.13  0.15 -0.27
 2012  9  0.04  0.07  0.02 -0.01  0.11 -0.08  0.08 -0.02  0.10 -0.06 -0.12 -0.04  0.04  0.19 -0.09  0.14  0.00  0.16  0.26  0.45  0.04 -0.18 -0.50 -0.03 -0.29 -0.29  0.47
 2012 10  0.08  0.02  0.10 -0.08 -0.18 -0.01  0.24  0.50  0.18 -0.06 -0.03 -0.07 -0.08 -0.21  0.04  0.39  0.84  0.31 -0.03 -0.08  0.03  1.45  1.91  1.23 -0.47 -0.35  0.08
 2012 11  0.06  0.20 -0.00 -0.07 -0.01 -0.12  0.19  0.69  0.08  0.05  0.03  0.05 -0.14 -0.03 -0.24  0.26  1.21  0.10 -0.09 -0.20  0.04  1.72  2.75  1.23 -0.36 -0.42  0.15
 2012 12  0.04 -0.12  0.10 -0.27 -0.45 -0.15  0.35  0.64  0.28  0.03  0.01  0.04 -0.42 -0.59 -0.27  0.51  1.18  0.39 -0.10 -0.25  0.08  2.00  2.80  1.62 -0.24 -0.27 -0.14
 2013  1  0.34  0.31  0.35  0.30  0.19  0.37  0.38  0.56  0.34  0.23  0.26  0.22  0.32  0.17  0.45  0.48  0.80  0.42  1.47  0.99  2.02  1.27  1.35  1.23  0.26  0.42  0.63
 2013  2  0.03  0.00  0.04  0.03  0.04  0.03  0.02 -0.09  0.04  0.09  0.15  0.07 -0.01 -0.01 -0.01 -0.01 -0.21  0.03  0.55  0.44  0.68  0.18 -0.01  0.27 -0.89 -0.90 -0.76
 2013  3  0.02  0.02  0.02 -0.04  0.01 -0.07  0.07  0.02  0.08  0.13  0.27  0.10 -0.14 -0.06 -0.21  0.05 -0.14  0.08 -0.68 -0.89 -0.43 -0.15 -0.36 -0.06 -1.01 -0.97  0.56
 2013  4 -0.02 -0.13  0.03 -0.08 -0.15 -0.04  0.05 -0.08  0.08  0.07  0.09  0.06 -0.16 -0.21 -0.11  0.04 -0.21  0.09 -1.18 -0.96 -1.43 -0.10 -0.71  0.20 -0.35 -0.57 -0.04
 2013  5 -0.06  0.09 -0.11 -0.00  0.17 -0.11 -0.11 -0.10 -0.11 -0.05  0.06 -0.08  0.03  0.21 -0.13 -0.15 -0.25 -0.13 -0.29 -0.07 -0.55 -0.62 -0.82 -0.52 -0.15 -0.27  0.32
 2013  6  0.13  0.27  0.07  0.20  0.34  0.11  0.06  0.13  0.04  0.03  0.10  0.01  0.29  0.41  0.19  0.06  0.13  0.05  0.49  0.62  0.35 -0.48  0.06 -0.73  0.30  0.47  0.17
 2013  7 -0.02 -0.00 -0.03  0.00  0.04 -0.02 -0.05 -0.10 -0.04 -0.14 -0.09 -0.15  0.07  0.09  0.06  0.00 -0.16  0.03  0.33  0.26  0.41 -0.87 -0.83 -0.88 -0.11  0.01  0.18
 2013  8 -0.03  0.08 -0.07 -0.02  0.04 -0.06 -0.03  0.15 -0.07 -0.11 -0.08 -0.11  0.03  0.09 -0.02 -0.01  0.27 -0.06  0.13  0.25 -0.00  0.11  0.70 -0.18 -0.17 -0.07  0.45
 2013  9  0.08  0.30 -0.01  0.11  0.13  0.10  0.05  0.70 -0.09  0.01  0.06 -0.00  0.16  0.15  0.17  0.07  1.16 -0.12  0.14  0.16  0.12  1.04  2.75  0.22  0.53  0.49  0.55
 2013 10  0.08  0.23  0.02  0.10  0.18  0.04  0.06  0.35  0.00 -0.13 -0.11 -0.14  0.21  0.26  0.16  0.18  0.70  0.09  0.12  0.29 -0.08  0.87  1.52  0.57 -0.44 -0.08  0.53
 2013 11 -0.03  0.18 -0.12 -0.11  0.07 -0.23  0.04  0.43 -0.04 -0.13 -0.09 -0.14 -0.11  0.10 -0.30  0.14  0.87  0.01 -0.67 -0.34 -1.04  0.93  1.98  0.43 -0.17 -0.24 -0.15
 2013 12  0.03  0.11 -0.00 -0.07 -0.12 -0.04  0.13  0.61  0.03 -0.02  0.01 -0.03 -0.10 -0.14 -0.05  0.21  1.05  0.06 -0.48 -0.18 -0.82  1.38  2.23  0.98 -0.74 -0.56  0.02
 2014  1  0.06  0.00  0.09  0.07 -0.07  0.16  0.06  0.15  0.04 -0.14 -0.12 -0.15  0.17 -0.07  0.38  0.18  0.40  0.14 -0.06 -0.22  0.12  0.29  0.64  0.13 -0.53 -0.03  0.40
 2014  2 -0.02 -0.18  0.04 -0.03 -0.22  0.09 -0.01 -0.10  0.01 -0.15 -0.12 -0.15  0.02 -0.26  0.27  0.07 -0.06  0.09  0.21  0.01  0.44 -0.14 -0.16 -0.13 -0.47 -0.28  0.00
 2014  3  0.00 -0.12  0.05  0.04 -0.04  0.08 -0.03 -0.30  0.03 -0.10 -0.12 -0.10  0.09 -0.02  0.20  0.02 -0.43  0.10  0.17  0.04  0.31 -0.09 -0.37  0.04 -0.12  0.13 -0.47
 2014  4  0.01  0.01  0.01  0.09  0.05  0.12 -0.08 -0.10 -0.07 -0.02 -0.08 -0.01  0.13  0.09  0.17 -0.09 -0.13 -0.08  0.16  0.09  0.23 -0.05 -0.32  0.08 -0.05  0.07  0.38
 2014  5  0.10  0.17  0.07  0.07  0.08  0.06  0.13  0.36  0.08  0.04  0.03  0.04  0.10  0.12  0.08  0.16  0.54  0.10  0.40  0.50  0.29  0.62  1.16  0.37 -0.23 -0.05  0.17
 2014  6  0.14  0.05  0.18  0.06 -0.02  0.11  0.22  0.20  0.22  0.35  0.42  0.33 -0.09 -0.12 -0.06  0.15 -0.01  0.18 -0.15 -0.17 -0.13 -0.60 -0.51 -0.64 -0.19 -0.29  0.33
 2014  7  0.11 -0.05  0.17  0.06 -0.05  0.13  0.16 -0.05  0.21  0.24  0.20  0.25 -0.04 -0.14  0.04  0.13 -0.17  0.18  0.02  0.05 -0.02 -0.14 -0.61  0.09 -0.36 -0.32  0.47
 2014  8 -0.05 -0.10 -0.03 -0.07 -0.10 -0.05 -0.03 -0.12 -0.01 -0.14 -0.13 -0.14 -0.04 -0.09  0.01  0.02 -0.11  0.05  0.06  0.09  0.02  0.03 -0.28  0.17 -0.39 -0.36 -0.68
 2014  9 -0.02 -0.02 -0.02 -0.12 -0.16 -0.10  0.09  0.32  0.04 -0.04 -0.05 -0.04 -0.16 -0.18 -0.14  0.15  0.56  0.08 -0.52 -0.52 -0.52  0.44  0.93  0.21  0.05  0.08  0.07
 2014 10  0.10  0.11  0.10  0.04  0.03  0.05  0.16  0.29  0.13 -0.00  0.04 -0.01  0.06  0.03  0.09  0.25  0.48  0.21 -0.29 -0.31 -0.27  0.54  0.34  0.64  0.66  0.54  0.37
 2014 11  0.11 -0.01  0.16  0.11 -0.09  0.24  0.11  0.17  0.10  0.08  0.03  0.09  0.12 -0.12  0.35  0.14  0.27  0.11  0.48  0.32  0.67  0.36  0.68  0.21 -0.72 -0.28  0.28
 2014 12  0.10  0.15  0.07  0.14  0.26  0.07  0.05 -0.09  0.08  0.11  0.08  0.12  0.16  0.30  0.03  0.02 -0.18  0.06 -0.06  0.19 -0.35 -0.30 -0.64 -0.13  0.42  0.54  0.24
 2015  1  0.13  0.22  0.10  0.28  0.36  0.22 -0.01 -0.09  0.01 -0.00 -0.12  0.03  0.43  0.47  0.39 -0.01 -0.03 -0.01  0.21  0.35  0.06 -0.01 -0.00 -0.01  0.42  0.57 -0.07
 2015  2  0.01  0.13 -0.04  0.05  0.20 -0.05 -0.04 -0.03 -0.04 -0.19 -0.05 -0.23  0.17  0.26  0.10  0.05  0.01  0.05 -0.58 -0.30 -0.91  0.16  0.17  0.15  0.25  0.40 -0.11
 2015  3  0.06  0.11  0.05  0.07  0.12  0.04  0.06  0.08  0.05 -0.01 -0.06  0.01  0.12  0.19  0.06  0.09  0.14  0.08 -0.71 -0.56 -0.87  0.15  0.15  0.16  1.38  1.19  0.14
 2015  4 -0.02 -0.06 -0.00  0.05  0.04  0.05 -0.08 -0.29 -0.04 -0.07 -0.16 -0.05  0.12  0.09  0.14 -0.09 -0.40 -0.04  0.56  0.26  0.91 -0.35 -0.72 -0.18  0.19  0.18 -0.46
 2015  5  0.16  0.16  0.16  0.18  0.20  0.18  0.13  0.05  0.15  0.13  0.09  0.14  0.20  0.22  0.19  0.14  0.05  0.16  0.45  0.53  0.35  0.16 -0.33  0.39 -0.30 -0.01  0.11
 2015  6  0.24  0.25  0.23  0.29  0.30  0.28  0.19  0.13  0.20  0.31  0.31  0.31  0.29  0.30  0.27  0.11 -0.03  0.13  0.40  0.44  0.37 -0.68 -0.82 -0.62  0.66  0.64  0.29
 2015  7  0.11  0.06  0.13  0.23  0.20  0.24 -0.01 -0.25  0.04  0.35  0.41  0.33  0.16  0.14  0.18 -0.20 -0.76 -0.10  0.17  0.20  0.13 -1.10 -1.63 -0.85 -0.01 -0.02 -0.30
 2015  8  0.16  0.02  0.21  0.16  0.03  0.25  0.15 -0.01  0.18  0.46  0.46  0.45  0.02 -0.07  0.09 -0.02 -0.40  0.05 -0.16 -0.13 -0.19 -0.70 -1.33 -0.40 -0.01 -0.05 -0.22
 2015  9  0.11  0.02  0.15  0.25  0.12  0.33 -0.02 -0.21  0.02  0.52  0.53  0.51  0.12  0.04  0.20 -0.32 -0.84 -0.23  0.02 -0.01  0.06 -1.31 -1.92 -1.02  0.51  0.31 -0.33
 2015 10  0.29  0.40  0.25  0.56  0.50  0.59  0.03  0.17  0.00  0.60  0.60  0.59  0.54  0.48  0.59 -0.27 -0.16 -0.29  0.36  0.34  0.39 -1.59 -1.03 -1.86  1.04  1.07  0.50
 2015 11  0.18  0.22  0.16  0.28  0.35  0.24  0.07 -0.07  0.09  0.52  0.52  0.52  0.18  0.32  0.05 -0.19 -0.54 -0.12 -0.62 -0.58 -0.66 -1.67 -1.71 -1.65  0.76  0.39  0.59
 2015 12  0.28  0.25  0.29  0.34  0.34  0.35  0.22  0.07  0.25  0.61  0.40  0.68  0.22  0.35  0.10 -0.00 -0.26  0.04 -1.25 -0.94 -1.61 -0.61 -1.04 -0.40  1.12  0.69  0.30
 2016  1  0.37  0.30  0.39  0.47  0.38  0.53  0.27  0.14  0.30  0.82  0.68  0.86  0.29  0.33  0.24 -0.03 -0.37  0.03  0.57  0.77  0.34 -0.58 -0.89 -0.44 -0.05  0.24 -0.48
 2016  2  0.66  0.78  0.61  0.86  0.94  0.80  0.46  0.42  0.47  0.92  0.85  0.95  0.81  0.96  0.67  0.23  0.10  0.25  0.43  0.63  0.21 -0.41 -0.65 -0.29  1.18  1.33  0.50
 2016  3  0.61  0.72  0.57  0.82  0.85  0.80  0.41  0.42  0.41  0.93  0.92  0.94  0.75  0.83  0.68  0.14  0.04  0.16  1.95  1.70  2.24 -0.35 -0.30 -0.37  0.88  1.08  0.44
 2016  4  0.54  0.64  0.50  0.65  0.70  0.62  0.42  0.49  0.41  0.77  0.67  0.80  0.60  0.73  0.48  0.23  0.30  0.22  1.63  1.69  1.57 -0.02 -0.09  0.00  0.32  0.47  0.62
 2016  5  0.34  0.32  0.35  0.35  0.25  0.42  0.33  0.50  0.29  0.51  0.42  0.53  0.29  0.19  0.37  0.22  0.57  0.16  0.46  0.35  0.59  0.69  1.05  0.52 -0.46 -0.20  1.03
 2016  6  0.15  0.06  0.19  0.22  0.19  0.24  0.08 -0.24  0.15  0.13  0.05  0.16  0.27  0.23  0.32  0.05 -0.47  0.14  0.28  0.33  0.22 -0.78 -1.46 -0.45  0.74  0.66  0.80
 2016  7  0.20  0.22  0.20  0.25  0.27  0.24  0.15  0.10  0.17  0.20  0.24  0.19  0.29  0.30  0.28  0.11 -0.08  0.15  0.18  0.25  0.11  0.08 -0.64  0.43  0.18  0.22  0.58
 2016  8  0.29  0.41  0.25  0.38  0.40  0.36  0.21  0.45  0.16  0.29  0.24  0.30  0.41  0.43  0.39  0.18  0.63  0.11  0.55  0.66  0.42  0.51  1.18  0.19  0.10  0.22  0.19
 2016  9  0.30  0.32  0.29  0.29  0.45  0.19  0.31  0.04  0.37  0.17  0.16  0.17  0.35  0.51  0.20  0.40 -0.01  0.47  0.83  0.76  0.91  0.28 -0.27  0.54  0.29  0.24  0.08
 2016 10  0.31  0.17  0.36  0.27  0.06  0.41  0.34  0.41  0.33  0.33  0.34  0.33  0.24 -0.02  0.47  0.35  0.47  0.32  0.99  0.37  1.71  1.17  0.99  1.26  0.71  0.93  0.27
 2016 11  0.35  0.43  0.31  0.28  0.29  0.28  0.41  0.75  0.34  0.20  0.19  0.20  0.32  0.31  0.33  0.53  1.18  0.42  1.07  0.65  1.55  1.94  2.91  1.48  1.32  1.22  0.03
 2016 12  0.19  0.26  0.16  0.12  0.15  0.11  0.25  0.52  0.20  0.09  0.07  0.10  0.14  0.15  0.13  0.34  0.91  0.24  0.20 -0.22  0.68  1.25  1.76  1.01 -0.14 -0.27  0.33
 2017  1  0.21  0.29  0.18  0.14  0.28  0.06  0.28  0.33  0.27  0.03  0.08  0.02  0.20  0.30  0.11  0.41  0.61  0.37  0.44  0.35  0.54  0.63  0.58  0.65  0.19  0.11  1.01
 2017  2  0.23  0.42  0.15  0.32  0.52  0.20  0.13  0.20  0.12 -0.02 -0.07 -0.00  0.50  0.67  0.34  0.21  0.40  0.18  1.14  1.11  1.17  0.37  0.64  0.24  1.44  1.31  0.21
 2017  3  0.11  0.32  0.03  0.19  0.38  0.06  0.03  0.17  0.00  0.01  0.06 -0.00  0.27  0.46  0.10  0.06  0.30  0.02  1.16  1.23  1.08 -0.06  0.13 -0.15  0.52  0.26  0.78
 2017  4  0.14  0.11  0.15  0.11  0.16  0.08  0.16 -0.02  0.20  0.15  0.12  0.15  0.09  0.17  0.02  0.18 -0.11  0.23  0.01 -0.07  0.10 -0.18 -0.51 -0.02  0.50  0.52  0.36
 2017  5  0.26  0.22  0.27  0.18  0.14  0.20  0.34  0.40  0.33  0.31  0.30  0.32  0.14  0.13  0.14  0.32  0.37  0.31 -0.20 -0.26 -0.12  0.32  0.38  0.29  0.07  0.01  0.23
 2017  6  0.05  0.02  0.07  0.12  0.08  0.14 -0.01 -0.12  0.01  0.25  0.39  0.21  0.06  0.04  0.09 -0.16 -0.61 -0.09 -0.29 -0.21 -0.38 -1.27 -2.06 -0.89  0.29  0.25  0.06
 2017  7  0.11  0.11  0.11  0.10  0.05  0.13  0.11  0.24  0.09  0.28  0.34  0.26  0.03  0.00  0.06  0.00  0.10 -0.01 -0.34 -0.36 -0.32 -0.74 -0.95 -0.64  0.31  0.36  0.46
 2017  8  0.23  0.15  0.26  0.19  0.20  0.19  0.27  0.06  0.31  0.21  0.28  0.19  0.18  0.19  0.17  0.30 -0.14  0.38  0.21  0.51 -0.14 -0.03 -0.66  0.27 -0.40 -0.38  0.36
 2017  9  0.35  0.31  0.37  0.29  0.36  0.25  0.42  0.22  0.46  0.27  0.32  0.26  0.32  0.38  0.26  0.48  0.11  0.54  0.60  0.56  0.64 -0.05 -0.56  0.19  0.15  0.19  0.25
 2017 10  0.44  0.51  0.41  0.43  0.49  0.39  0.45  0.53  0.43  0.28  0.41  0.25  0.48  0.51  0.46  0.55  0.66  0.54  0.45  0.22  0.72  1.23  1.42  1.14  0.83  0.76  0.57
 2017 11  0.22  0.19  0.23  0.15  0.16  0.14  0.28  0.25  0.29  0.09  0.11  0.08  0.17  0.15  0.18  0.40  0.41  0.40  0.31  0.31  0.30  1.14  1.15  1.14  0.79  0.93 -0.14
 2017 12  0.29  0.42  0.24  0.33  0.45  0.26  0.24  0.35  0.22  0.13  0.25  0.10  0.43  0.49  0.37  0.31  0.45  0.28  1.16  1.19  1.12  0.57  0.84  0.44  0.34  0.70  0.23
 2018  1  0.06  0.21 -0.00  0.17  0.29  0.09 -0.05  0.04 -0.06 -0.19 -0.16 -0.20  0.34  0.39  0.30  0.05  0.26  0.01  0.32  0.33  0.30  0.27  0.66  0.08  0.31  0.48  0.21
 2018  2  0.05  0.06  0.04  0.09  0.09  0.09  0.01  0.00  0.01 -0.15  0.02 -0.21  0.24  0.10  0.36  0.07  0.01  0.08  1.28  0.90  1.71  0.11 -0.01  0.17  0.04  0.11  0.11
 2018  3  0.09  0.30  0.01  0.22  0.40  0.11 -0.03  0.07 -0.05 -0.11 -0.01 -0.15  0.38  0.50  0.28  0.03  0.15  0.01  0.34  0.20  0.50 -0.06 -0.11 -0.04 -0.30 -0.10  0.39
 2018  4  0.05  0.24 -0.02  0.11  0.18  0.06 -0.00  0.36 -0.08 -0.22 -0.25 -0.21  0.27  0.30  0.25  0.12  0.82 -0.01  0.62  0.47  0.80  0.54  1.18  0.24 -0.08 -0.04  0.49
 2018  5  0.02  0.17 -0.03  0.16  0.25  0.11 -0.12 -0.03 -0.13 -0.11 -0.06 -0.12  0.31  0.33  0.28 -0.12  0.01 -0.14 -0.01 -0.17  0.16 -0.21  0.07 -0.34  1.20  0.96 -0.27
 2018  6  0.07  0.16  0.03  0.18  0.25  0.13 -0.05 -0.04 -0.05 -0.02  0.01 -0.03  0.30  0.33  0.27 -0.08 -0.12 -0.07  0.44  0.40  0.48 -0.16  0.05 -0.26  0.77  0.59 -0.47
 2018  7  0.14  0.34  0.07  0.23  0.37  0.13  0.06  0.25  0.02  0.11  0.13  0.10  0.29  0.45  0.15  0.03  0.31 -0.02  0.17  0.12  0.22  0.17  0.21  0.15  0.22  0.24  0.85
 2018  8  0.02  0.19 -0.05  0.11  0.21  0.04 -0.07  0.14 -0.11 -0.01 -0.03 -0.00  0.18  0.27  0.09 -0.11  0.26 -0.17  0.05  0.08  0.01 -0.09  0.59 -0.42  0.01  0.02  0.22
 2018  9 -0.06 -0.08 -0.06 -0.00 -0.06  0.04 -0.13 -0.11 -0.13  0.09  0.10  0.08 -0.04 -0.08 -0.00 -0.25 -0.35 -0.23  0.01 -0.01  0.02 -0.82 -1.14 -0.67  0.46  0.62  0.04
 2018 10  0.00  0.05 -0.01  0.11  0.10  0.11 -0.10 -0.07 -0.11  0.16  0.16  0.16  0.10  0.09  0.11 -0.26 -0.28 -0.25  0.68  0.77  0.57 -1.12 -0.84 -1.26  0.04  0.25  0.17
 2018 11  0.11 -0.06  0.18  0.10 -0.10  0.24  0.12  0.05  0.13  0.30  0.32  0.29 -0.00 -0.21  0.18  0.02 -0.18  0.06  0.19  0.13  0.26 -0.53 -0.99 -0.31 -0.97 -0.56  0.42
 2018 12  0.11  0.18  0.08  0.20  0.15  0.22  0.03  0.25 -0.02  0.14  0.06  0.16  0.21  0.16  0.26 -0.02  0.44 -0.10  0.70  0.61  0.79 -0.10  0.54 -0.40  0.04  0.10  0.83
 2019  1  0.22  0.16  0.25  0.21  0.16  0.25  0.22  0.16  0.24  0.22  0.20  0.22  0.21  0.13  0.28  0.23  0.17  0.24  0.99  0.72  1.31 -0.12 -0.30 -0.04  0.07  0.09  0.64
 2019  2  0.19  0.09  0.23  0.16 -0.02  0.28  0.21  0.33  0.19  0.33  0.26  0.34  0.08 -0.08  0.22  0.15  0.35  0.12  0.80  0.60  1.02  0.44  0.74  0.30 -0.22 -0.13  0.01
 2019  3  0.17  0.14  0.17  0.15  0.10  0.19  0.18  0.23  0.17  0.30  0.26  0.31  0.05  0.07  0.04  0.14  0.19  0.13  0.06  0.43 -0.35  0.14  0.24  0.10 -0.69 -0.33  0.24
 2019  4  0.28  0.22  0.30  0.21  0.13  0.27  0.35  0.43  0.33  0.43  0.44  0.43  0.11  0.05  0.16  0.30  0.39  0.28 -0.01 -0.19  0.18  0.15  0.14  0.15  0.29  0.27  0.52
 2019  5  0.17  0.10  0.20  0.17  0.08  0.23  0.17  0.16  0.18  0.24  0.30  0.23  0.14  0.04  0.23  0.13  0.01  0.15  0.68  0.72  0.64 -0.29 -0.57 -0.16 -0.40 -0.21  0.22
 2019  6  0.30  0.20  0.35  0.29  0.20  0.35  0.32  0.20  0.35  0.47  0.47  0.47  0.20  0.15  0.24  0.23 -0.07  0.29  0.56  0.52  0.60  0.01 -1.06  0.52 -0.49 -0.32  0.07
 2019  7  0.22  0.27  0.20  0.20  0.17  0.21  0.25  0.49  0.20  0.24  0.33  0.21  0.18  0.15  0.21  0.24  0.57  0.19  0.23  0.17  0.31  0.27  0.73  0.05  0.04  0.19  0.19
 2019  8  0.27  0.25  0.27  0.26  0.23  0.28  0.27  0.29  0.27  0.25  0.18  0.27  0.28  0.26  0.30  0.27  0.34  0.26  0.27  0.29  0.24  0.41  0.43  0.41  0.15  0.19  0.10
 2019  9  0.45  0.40  0.47  0.29  0.30  0.28  0.61  0.61  0.61  0.21  0.30  0.18  0.34  0.31  0.36  0.81  0.80  0.81  0.40  0.33  0.48  1.88  1.60  2.01  0.56  0.62 -0.06
 2019 10  0.22  0.43  0.14  0.26  0.33  0.22  0.18  0.63  0.08  0.02  0.01  0.02  0.39  0.42  0.36  0.26  1.09  0.11  0.42  0.46  0.37  2.11  2.68  1.83 -0.15 -0.01 -0.21
 2019 11  0.34  0.47  0.29  0.29  0.19  0.34  0.40  1.08  0.26  0.30  0.32  0.29  0.29  0.16  0.40  0.45  1.65  0.23  0.00  0.26 -0.30  2.47  3.52  1.97  0.02  0.38 -0.09
 2019 12  0.39  0.52  0.34  0.42  0.45  0.40  0.36  0.67  0.29  0.39  0.38  0.40  0.43  0.46  0.41  0.34  0.90  0.24  0.58  0.48  0.70  1.50  1.91  1.30  0.66  0.74  0.34
 2020  1  0.43  0.51  0.40  0.39  0.47  0.34  0.48  0.62  0.45  0.52  0.52  0.52  0.32  0.46  0.19  0.46  0.67  0.42 -0.61 -0.38 -0.88  0.73  0.86  0.67  0.66  0.34  0.43
 2020  2  0.57  0.61  0.56  0.58  0.63  0.55  0.56  0.57  0.56  0.67  0.61  0.68  0.52  0.64  0.42  0.52  0.53  0.52 -1.34 -0.76 -2.00  0.89  0.72  0.97  0.67  0.30  0.37
 2020  3  0.34  0.31  0.36  0.31  0.35  0.28  0.38  0.23  0.41  0.58  0.58  0.58  0.16  0.28  0.06  0.28 -0.01  0.33 -2.12 -1.59 -2.74 -0.05 -0.58  0.20  0.57  0.25  0.14
 2020  4  0.26  0.25  0.27  0.21  0.11  0.27  0.31  0.55  0.26  0.38  0.38  0.38  0.11  0.03  0.19  0.28  0.70  0.20 -0.55 -0.28 -0.86  0.58  1.01  0.38 -0.22 -0.06  0.69
 2020  5  0.39  0.38  0.40  0.39  0.33  0.43  0.39  0.49  0.37  0.52  0.43  0.54  0.32  0.30  0.34  0.33  0.56  0.29  0.46  0.43  0.50  0.28  0.82  0.02  0.20  0.27  0.07
 2020  6  0.25  0.26  0.24  0.25  0.23  0.26  0.24  0.32  0.23  0.27  0.32  0.25  0.25  0.22  0.28  0.22  0.28  0.21  0.43  0.38  0.48 -0.23 -0.26 -0.22  0.19  0.11  0.74
 2020  7  0.25  0.28  0.23  0.24  0.18  0.28  0.25  0.49  0.20  0.23  0.30  0.21  0.26  0.18  0.34  0.24  0.56  0.19  0.26  0.16  0.38  0.37  0.96  0.09  0.32  0.25  0.10
 2020  8  0.26  0.26  0.25  0.27  0.26  0.28  0.24  0.27  0.24  0.39  0.46  0.37  0.23  0.23  0.23  0.15  0.05  0.16  0.08 -0.01  0.20 -0.55 -0.18 -0.73  0.24  0.15  0.28
 2020  9  0.31  0.38  0.28  0.32  0.37  0.28  0.30  0.41  0.28  0.26  0.30  0.25  0.36  0.41  0.31  0.31  0.41  0.29  0.08  0.20 -0.06 -0.05  0.28 -0.20  0.48  0.37  0.39
 2020 10  0.27  0.33  0.25  0.45  0.44  0.45  0.09  0.07  0.09  0.28  0.36  0.25  0.53  0.47  0.59 -0.00 -0.16  0.03  0.71  0.61  0.83 -1.26 -1.35 -1.22  0.57  0.54  0.18
 2020 11  0.28  0.35  0.25  0.44  0.55  0.37  0.12 -0.10  0.17  0.27  0.32  0.26  0.52  0.61  0.44  0.04 -0.42  0.13  0.56  0.49  0.63 -1.68 -2.10 -1.47  1.11  0.83  1.05
 2020 12  0.09 -0.07  0.15  0.08  0.07  0.08  0.10 -0.38  0.20  0.02  0.15 -0.02  0.09  0.03  0.15  0.15 -0.72  0.31  0.09  0.14  0.03 -1.21 -2.17 -0.76  0.17  0.24  0.31
 2021  1  0.05  0.14  0.01  0.23  0.35  0.15 -0.14 -0.35 -0.09 -0.09  0.09 -0.14  0.38  0.38  0.38 -0.15 -0.55 -0.08  1.30  0.90  1.75 -0.71 -0.96 -0.59  0.23  0.47 -0.34
 2021  2  0.16  0.19  0.15  0.23  0.32  0.18  0.09 -0.10  0.13 -0.09 -0.04 -0.10  0.38  0.43  0.34  0.19 -0.20  0.26  0.23  0.14  0.33 -0.05 -0.43  0.13 -0.53 -0.61 -0.05
 2021  3 -0.06  0.04 -0.10 -0.01  0.11 -0.08 -0.12 -0.11 -0.12 -0.23 -0.15 -0.25  0.10  0.15  0.06 -0.05  0.01 -0.06 -0.87 -1.08 -0.63  0.28  0.58  0.13  0.30 -0.00 -0.58
 2021  4 -0.08 -0.10 -0.07 -0.05 -0.11 -0.01 -0.11 -0.08 -0.11 -0.21 -0.19 -0.21  0.02 -0.09  0.12 -0.04  0.00 -0.05 -0.89 -0.70 -1.12 -0.02 -0.24  0.08  0.10  0.05  0.32
 2021  5  0.07  0.08  0.07  0.11  0.16  0.07  0.03 -0.10  0.06  0.08  0.09  0.08  0.13  0.18  0.08  0.00 -0.25  0.05 -0.41 -0.12 -0.75 -0.00 -0.62  0.29 -0.17 -0.19  0.03
 2021  6 -0.03  0.15 -0.11  0.28  0.44  0.18 -0.35 -0.50 -0.32 -0.10 -0.04 -0.12  0.47  0.56  0.39 -0.47 -0.82 -0.41  0.61  0.64  0.58 -1.18 -1.40 -1.08  1.07  0.99 -0.51
 2021  7  0.14  0.40  0.03  0.35  0.50  0.25 -0.07  0.19 -0.12  0.20  0.21  0.19  0.43  0.58  0.29 -0.21  0.15 -0.28  0.46  0.50  0.42 -0.40 -0.08 -0.55  0.55  0.55  0.64
 2021  8  0.11  0.31  0.04  0.26  0.36  0.20 -0.04  0.18 -0.08  0.11  0.20  0.08  0.36  0.42  0.31 -0.13  0.13 -0.17  0.72  0.85  0.57 -0.47  0.01 -0.69  0.34  0.31  0.01
 2021  9  0.17  0.36  0.10  0.17  0.33  0.07  0.17  0.41  0.12  0.17  0.26  0.14  0.19  0.36  0.03  0.16  0.48  0.10 -0.14 -0.13 -0.16 -0.29  0.06 -0.46  0.50  0.23  0.44
 2021 10  0.28  0.49  0.19  0.44  0.60  0.34  0.11  0.23  0.08  0.40  0.55  0.35  0.47  0.61  0.34 -0.04  0.01 -0.05  0.47  0.51  0.42 -1.05 -0.31 -1.39  0.76  0.62  0.37
 2021 11 -0.02  0.08 -0.06  0.10  0.25 -0.00 -0.14 -0.30 -0.10  0.17  0.33  0.13  0.06  0.23 -0.09 -0.30 -0.76 -0.22 -0.47 -0.22 -0.76 -1.93 -2.16 -1.82  0.16 -0.21  0.06
 2021 12  0.13  0.07  0.15  0.23  0.17  0.26  0.03 -0.16  0.07  0.10  0.31  0.04  0.29  0.14  0.43 -0.01 -0.55  0.09 -0.23 -0.35 -0.09 -1.27 -1.61 -1.11  1.11  0.96  0.07
 2022  1  0.00 -0.04  0.02 -0.00 -0.02  0.01  0.00 -0.08  0.02 -0.13 -0.10 -0.14  0.07  0.02  0.12  0.07 -0.09  0.10 -0.34 -0.12 -0.60 -0.67 -0.71 -0.66 -0.09 -0.06  0.22
 2022  2 -0.01 -0.10  0.02 -0.11 -0.18 -0.07  0.08  0.06  0.08 -0.06 -0.06 -0.06 -0.16 -0.21 -0.12  0.18  0.16  0.18 -1.98 -1.38 -2.66  0.27  0.55  0.14  0.02 -0.07 -0.23
 2022  3  0.10  0.12  0.09  0.18  0.13  0.21  0.02  0.12  0.00 -0.01  0.11 -0.05  0.27  0.12  0.40  0.05  0.14  0.03 -0.05 -0.45  0.42 -0.06  0.45 -0.30  0.38  0.59  0.03
 2022  4  0.20  0.27  0.17  0.28  0.35  0.24  0.11  0.07  0.11 -0.04  0.13 -0.09  0.45  0.42  0.48  0.18 -0.02  0.22  0.90  0.57  1.27 -0.02 -0.20  0.06 -0.06 -0.08  0.59
 2022  5  0.14  0.26  0.09  0.20  0.34  0.11  0.07  0.08  0.07  0.05  0.11  0.03  0.28  0.40  0.18  0.08  0.06  0.09  0.16  0.23  0.08 -0.07  0.07 -0.13  0.38  0.28  0.37
 2022  6 -0.02  0.17 -0.09  0.00  0.18 -0.11 -0.03  0.15 -0.07 -0.33 -0.23 -0.35  0.17  0.29  0.07  0.12  0.42  0.07  0.15  0.15  0.14  0.41  1.17  0.06  0.26  0.22  0.03
 2022  7  0.30  0.45  0.24  0.33  0.42  0.28  0.27  0.52  0.21  0.17  0.35  0.12  0.43  0.47  0.39  0.31  0.52  0.27  0.46  0.56  0.35  0.03  0.21 -0.06  0.64  0.57  0.59
 2022  8  0.20  0.35  0.15  0.31  0.41  0.24  0.10  0.22  0.08  0.05  0.20  0.00  0.45  0.49  0.42  0.12  0.15  0.12  0.44  0.52  0.36 -0.15  0.22 -0.32  0.49  0.46  0.01
 2022  9  0.16  0.35  0.08  0.38  0.51  0.30 -0.07 -0.01 -0.08  0.12  0.25  0.08  0.53  0.60  0.47 -0.17 -0.29 -0.15  0.62  0.50  0.75 -0.60 -0.73 -0.54  0.65  0.61 -0.10
 2022 10  0.17  0.40  0.08  0.35  0.52  0.23 -0.01  0.14 -0.04  0.13  0.27  0.10  0.46  0.60  0.33 -0.09 -0.01 -0.10  0.83  0.87  0.78 -0.94 -0.32 -1.24  0.05  0.17  0.27
 2022 11  0.02 -0.04  0.05  0.13  0.17  0.10 -0.09 -0.53  0.01 -0.05  0.05 -0.08  0.21  0.20  0.23 -0.09 -0.94  0.06  0.28  0.14  0.44 -1.58 -2.40 -1.19 -0.44 -0.26 -0.12
 2022 12 -0.06 -0.17 -0.02 -0.01 -0.04  0.02 -0.12 -0.48 -0.05 -0.24 -0.15 -0.27  0.12  0.00  0.22 -0.06 -0.76  0.07  0.35  0.28  0.43 -0.99 -1.88 -0.58 -0.49 -0.36 -0.14
 2023  1 -0.13 -0.19 -0.11 -0.10 -0.07 -0.11 -0.17 -0.46 -0.10 -0.27 -0.25 -0.28 -0.03 -0.05 -0.01 -0.08 -0.53 -0.00 -0.66 -0.71 -0.60 -0.73 -1.14 -0.53  0.25  0.41 -0.24
 Year Mo Globe  Land Ocean   NH   Land Ocean   SH   Land Ocean Trpcs  Land Ocean NoExt  Land Ocean SoExt  Land Ocean NoPol  Land Ocean SoPol  Land Ocean USA48 USA49  AUST
 
 Trend    0.09  0.13  0.08  0.12  0.14  0.10  0.07  0.10  0.07  0.09  0.12  0.08  0.14  0.15  0.12  0.06  0.08  0.06  0.16  0.15  0.18 -0.03  0.00 -0.04  0.13  0.14  0.13
 
  NOTE:  Version 6.0 as of April 2015
  NOTE:  New Reference for annual cycle 1991-2020
  NOTE:  Version 5.6 as of Jun 2013
  NOTE:  3/13 More accurate grid weighting for USA48
  NOTE:  3/13 Alaska added in USA49, Australia added
 
  GL 90S-90N, NH 0-90N, SH 90S-0, TRPCS 20S-20N
  NoExt 20N-90N, SoExt 90S-20S, NoPol 60N-90N, SoPol 90S-60S
  
