 Year Mo Globe  Land Ocean   NH   Land Ocean   SH   Land Ocean Trpcs  Land Ocean NoExt  Land Ocean SoExt  Land Ocean NoPol  Land Ocean SoPol  Land Ocean USA48 USA49  AUST
 1978 12  0.05 -0.05  0.09 -0.15 -0.26 -0.08  0.25  0.42  0.21  0.09  0.14  0.08 -0.29 -0.38 -0.21  0.34  0.68  0.28 -0.67 -1.04 -0.24  1.98  2.22  1.86 -0.38 -0.73 -0.55
 1979  1  0.06  0.02  0.07 -0.07 -0.07 -0.07  0.19  0.23  0.18  0.12  0.10  0.13 -0.18 -0.11 -0.23  0.23  0.32  0.21 -1.34 -1.14 -1.57  0.96  1.02  0.93  0.27  0.19  0.14
 1979  2  0.03  0.20 -0.03  0.23  0.30  0.18 -0.16 -0.03 -0.19 -0.17 -0.09 -0.19  0.43  0.40  0.45 -0.15  0.02 -0.18  0.47  0.54  0.40  0.35  0.42  0.32 -0.10  0.15 -0.31
 1979  3  0.11  0.35  0.01  0.31  0.52  0.18 -0.10 -0.03 -0.12 -0.01 -0.03  0.00  0.47  0.67  0.30 -0.14 -0.04 -0.16  1.64  1.96  1.27  0.25  0.28  0.23 -0.22 -0.06 -0.07
 1979  4  0.12  0.18  0.10  0.18  0.21  0.17  0.06  0.13  0.05  0.30  0.26  0.30  0.12  0.18  0.06 -0.05  0.06 -0.07  0.82  0.69  0.97 -0.10  0.11 -0.20 -0.53 -0.63  0.17
 1979  5  0.02 -0.07  0.06  0.08 -0.07  0.18 -0.04 -0.07 -0.03  0.26  0.21  0.27 -0.01 -0.14  0.11 -0.19 -0.30 -0.17 -0.22 -0.24 -0.20 -0.86 -0.93 -0.83  0.10  0.03  0.37
 1979  6 -0.01 -0.14  0.04 -0.03 -0.15  0.04  0.01 -0.14  0.05  0.36  0.34  0.36 -0.23 -0.26 -0.19 -0.18 -0.53 -0.12 -0.10 -0.12 -0.09 -1.68 -1.91 -1.58 -0.17 -0.21  0.58
 1979  7 -0.05 -0.19  0.01 -0.02 -0.16  0.07 -0.07 -0.24 -0.03  0.18  0.15  0.19 -0.14 -0.25 -0.04 -0.19 -0.52 -0.13 -0.26 -0.28 -0.24 -1.08 -1.49 -0.89 -0.18 -0.16  0.20
 1979  8 -0.11 -0.11 -0.11  0.02 -0.02  0.05 -0.24 -0.31 -0.23  0.24  0.28  0.23 -0.08 -0.10 -0.06 -0.51 -0.76 -0.47 -0.11 -0.08 -0.15 -1.79 -2.14 -1.63 -0.30 -0.26  0.32
 1979  9 -0.24 -0.33 -0.20 -0.15 -0.27 -0.07 -0.33 -0.46 -0.30  0.11  0.10  0.12 -0.28 -0.36 -0.20 -0.57 -0.89 -0.51 -0.11 -0.17 -0.04 -1.32 -1.80 -1.10 -0.22 -0.21 -0.10
 1979 10  0.13  0.05  0.16 -0.09 -0.18 -0.02  0.35  0.59  0.30 -0.03 -0.03 -0.03 -0.11 -0.21 -0.02  0.54  1.02  0.46 -0.24 -0.13 -0.36  1.50  2.33  1.11  0.07  0.13  0.19
 1979 11  0.30  0.41  0.25  0.28  0.34  0.24  0.32  0.59  0.26  0.17  0.15  0.17  0.34  0.38  0.30  0.39  0.93  0.30  0.98  0.90  1.07  1.57  2.37  1.18  0.08  0.31 -0.31
 1979 12  0.21  0.24  0.21  0.04  0.01  0.07  0.39  0.76  0.31  0.16  0.13  0.17 -0.02 -0.02 -0.01  0.50  1.22  0.38 -0.02 -0.24  0.22  2.29  3.35  1.79  0.09 -0.54 -0.51
 1980  1  0.11 -0.19  0.23 -0.10 -0.42  0.10  0.32  0.32  0.32  0.28  0.25  0.28 -0.32 -0.60 -0.08  0.36  0.39  0.36 -2.41 -2.26 -2.57  0.60  0.88  0.46 -0.31 -0.73  0.16
 1980  2  0.19 -0.05  0.28  0.13 -0.22  0.36  0.24  0.34  0.22  0.20  0.18  0.21  0.08 -0.34  0.45  0.28  0.48  0.25 -2.10 -1.77 -2.49  0.70  0.98  0.56  0.14  0.06  0.37
 1980  3  0.15  0.38  0.06  0.33  0.53  0.20 -0.03  0.02 -0.05 -0.06 -0.14 -0.04  0.53  0.71  0.37 -0.02  0.13 -0.04  1.60  1.71  1.47  0.23  0.59  0.06  0.09  0.45 -0.18
 1980  4  0.23  0.38  0.17  0.30  0.39  0.24  0.15  0.36  0.11 -0.01 -0.05 -0.01  0.47  0.51  0.44  0.24  0.66  0.16  1.77  1.67  1.89  0.65  1.63  0.18  0.10  0.27 -0.02
 1980  5  0.35  0.39  0.33  0.30  0.38  0.25  0.40  0.43  0.39  0.17  0.15  0.18  0.36  0.43  0.29  0.52  0.65  0.50  0.47  0.69  0.20  0.90  1.34  0.69  0.40  0.45 -0.14
 1980  6  0.38  0.38  0.38  0.34  0.30  0.36  0.41  0.54  0.38  0.36  0.28  0.38  0.32  0.30  0.34  0.45  0.77  0.40  0.55  0.48  0.64  1.57  1.68  1.51  0.31  0.41  0.23
 1980  7  0.18  0.21  0.16  0.24  0.17  0.28  0.12  0.31  0.08  0.35  0.35  0.35  0.16  0.12  0.19  0.02  0.29 -0.03 -0.04  0.06 -0.17  0.26  0.64  0.08  0.12  0.10  0.27
 1980  8 -0.02  0.01 -0.03  0.08 -0.02  0.15 -0.12  0.09 -0.16  0.32  0.31  0.32 -0.06 -0.11 -0.01 -0.34 -0.07 -0.38 -0.18 -0.27 -0.07 -0.36  0.11 -0.58  0.08  0.04 -0.20
 1980  9  0.02 -0.02  0.04  0.11 -0.03  0.20 -0.07  0.02 -0.09  0.47  0.43  0.48 -0.07 -0.15 -0.00 -0.36 -0.31 -0.36 -0.31 -0.36 -0.25 -1.10 -0.77 -1.25 -0.19 -0.21  0.09
 1980 10  0.11  0.13  0.10  0.17  0.14  0.20  0.04  0.10  0.03  0.26  0.25  0.26  0.14  0.12  0.16 -0.09 -0.03 -0.10  0.73  0.58  0.91 -1.03 -0.60 -1.23 -0.19  0.06  0.60
 1980 11  0.18  0.19  0.17  0.07  0.06  0.08  0.28  0.50  0.24  0.20  0.19  0.21  0.00  0.02 -0.02  0.32  0.74  0.25 -0.16 -0.04 -0.29  0.78  1.88  0.25 -0.20 -0.36  0.02
 1980 12  0.11  0.11  0.11 -0.16 -0.18 -0.15  0.38  0.77  0.30  0.18  0.17  0.18 -0.34 -0.27 -0.41  0.49  1.22  0.37 -2.18 -1.93 -2.46  2.51  3.31  2.13 -0.69 -1.18 -0.40
 1981  1  0.10  0.02  0.13 -0.08 -0.12 -0.06  0.28  0.33  0.27  0.27  0.24  0.28 -0.28 -0.22 -0.34  0.29  0.40  0.27 -2.64 -2.37 -2.94  0.86  0.85  0.87  1.23  0.97  0.29
 1981  2  0.19  0.37  0.12  0.20  0.43  0.05  0.18  0.22  0.17  0.02 -0.05  0.04  0.31  0.56  0.08  0.25  0.39  0.23  0.83  1.08  0.54  0.74  0.79  0.71 -0.19 -0.39  0.33
 1981  3  0.14 -0.05  0.22  0.09 -0.14  0.25  0.19  0.15  0.19 -0.02 -0.01 -0.02  0.16 -0.17  0.45  0.29  0.24  0.30  2.13  1.33  3.05  0.94  1.13  0.86 -0.40 -0.38 -0.73
 1981  4  0.04  0.27 -0.05  0.19  0.40  0.06 -0.11 -0.03 -0.12  0.09  0.16  0.07  0.24  0.46  0.04 -0.21 -0.16 -0.21  0.17  0.35 -0.03 -0.24 -0.01 -0.35 -0.22 -0.35 -0.30
 1981  5  0.04 -0.00  0.05 -0.01 -0.05  0.01  0.09  0.10  0.08 -0.01 -0.01 -0.01 -0.02 -0.06  0.01  0.14  0.19  0.14 -0.39 -0.34 -0.45  0.87  0.67  0.97 -0.01 -0.05 -0.33
 1981  6 -0.02 -0.03 -0.02  0.02 -0.08  0.09 -0.07  0.09 -0.10  0.04  0.01  0.05  0.00 -0.11  0.10 -0.12  0.16 -0.17 -0.00 -0.18  0.20  0.37  0.38  0.37  0.20  0.16  0.41
 1981  7 -0.09  0.10 -0.17  0.07  0.12  0.04 -0.25  0.07 -0.32  0.03  0.04  0.02  0.09  0.14  0.04 -0.40  0.10 -0.48  0.32  0.21  0.44  0.04  0.55 -0.20  0.19  0.21 -0.17
 1981  8 -0.03  0.04 -0.06  0.06  0.01  0.10 -0.13  0.11 -0.18  0.05  0.03  0.05  0.08  0.01  0.14 -0.23  0.14 -0.30  0.08 -0.03  0.21 -0.24  0.13 -0.42 -0.02  0.03  0.28
 1981  9 -0.19 -0.18 -0.20 -0.22 -0.26 -0.19 -0.17 -0.01 -0.20 -0.11 -0.13 -0.10 -0.27 -0.29 -0.25 -0.20  0.08 -0.25 -0.11 -0.08 -0.15 -0.29  0.36 -0.60 -0.46 -0.36  0.05
 1981 10 -0.07 -0.03 -0.08 -0.01  0.01 -0.02 -0.13 -0.11 -0.13 -0.05 -0.08 -0.04  0.02  0.03  0.01 -0.17 -0.13 -0.18  0.27  0.30  0.24 -1.30 -0.41 -1.73  0.00  0.16  0.09
 1981 11  0.08  0.25  0.01  0.17  0.25  0.11 -0.01  0.26 -0.06 -0.07 -0.03 -0.08  0.29  0.33  0.25  0.03  0.46 -0.05  0.60  0.68  0.52  0.11  0.62 -0.13  0.34  0.62  0.57
 1981 12  0.20  0.19  0.21  0.15 -0.00  0.24  0.26  0.63  0.18 -0.07 -0.05 -0.08  0.25  0.01  0.46  0.44  1.12  0.32  1.09  0.73  1.51  1.83  2.65  1.44  0.78  0.86  0.24
 1982  1  0.12  0.26  0.07  0.24  0.39  0.14  0.00 -0.05  0.02 -0.20 -0.14 -0.22  0.46  0.52  0.40  0.13  0.05  0.14  0.52  0.85  0.14  0.41  0.46  0.38 -0.19 -0.03 -0.19
 1982  2  0.17  0.25  0.13  0.27  0.34  0.23  0.06  0.06  0.06 -0.23 -0.19 -0.24  0.52  0.47  0.57  0.23  0.27  0.22  0.04  0.05  0.03  0.60  0.71  0.55  0.04 -0.10 -0.19
 1982  3  0.20  0.34  0.14  0.24  0.40  0.14  0.16  0.22  0.14 -0.03 -0.04 -0.02  0.36  0.52  0.22  0.27  0.40  0.24 -0.43 -0.10 -0.80  0.59  0.47  0.65  0.62  0.73  0.39
 1982  4  0.05  0.04  0.06  0.11  0.13  0.10 -0.01 -0.17  0.02 -0.22 -0.22 -0.22  0.30  0.23  0.36  0.10 -0.13  0.13  1.46  0.97  2.02  0.25 -0.26  0.48  0.25  0.44 -0.22
 1982  5  0.08  0.12  0.07  0.16  0.21  0.13 -0.00 -0.08  0.02  0.03  0.00  0.04  0.23  0.27  0.19 -0.01 -0.16  0.01  1.36  1.24  1.49 -0.15 -0.47 -0.01 -0.06  0.09 -0.01
 1982  6  0.16  0.18  0.15  0.31  0.19  0.38  0.02  0.17 -0.02  0.32  0.22  0.35  0.30  0.18  0.40 -0.14  0.14 -0.19  0.70  0.72  0.68 -0.71 -0.38 -0.87 -0.18 -0.04  0.70
 1982  7  0.06  0.06  0.06  0.13 -0.01  0.22 -0.01  0.23 -0.06  0.32  0.29  0.33  0.04 -0.08  0.14 -0.20  0.15 -0.26  0.35  0.20  0.53 -0.61 -0.25 -0.78 -0.18 -0.12  0.37
 1982  8  0.13  0.14  0.12  0.15  0.14  0.15  0.11  0.13  0.10  0.35  0.30  0.37  0.07  0.11  0.03 -0.05 -0.03 -0.06  0.20  0.16  0.25 -0.90 -0.79 -0.95 -0.25 -0.23  0.67
 1982  9  0.15  0.13  0.16  0.23  0.15  0.28  0.07  0.09  0.07  0.42  0.39  0.43  0.15  0.10  0.20 -0.14 -0.19 -0.13  0.37  0.35  0.39 -1.45 -1.40 -1.46  0.08  0.15  0.83
 1982 10  0.12 -0.06  0.19 -0.13 -0.13 -0.13  0.36  0.08  0.42 -0.07 -0.09 -0.06 -0.14 -0.12 -0.15  0.57  0.16  0.64 -0.06  0.02 -0.15  0.86  0.14  1.21 -0.08 -0.10 -0.07
 1982 11  0.35  0.18  0.41  0.05 -0.01  0.09  0.65  0.61  0.66  0.35  0.26  0.38 -0.09 -0.08 -0.10  0.78  0.85  0.77 -1.06 -0.83 -1.32  1.17  1.67  0.93  0.66  0.35 -0.02
 1982 12  0.38  0.43  0.36  0.33  0.38  0.30  0.43  0.53  0.41  0.37  0.32  0.38  0.31  0.39  0.23  0.47  0.71  0.43 -0.97 -0.67 -1.32  1.01  2.01  0.53  1.62  1.57 -0.44
 1983  1  0.55  0.43  0.60  0.48  0.34  0.56  0.63  0.62  0.63  1.01  0.94  1.04  0.18  0.19  0.16  0.44  0.34  0.46 -2.34 -1.86 -2.90  0.53  0.80  0.39  1.50  1.23 -0.21
 1983  2  0.37  0.38  0.37  0.44  0.39  0.48  0.31  0.36  0.29  0.80  0.78  0.80  0.24  0.28  0.20  0.06  0.06  0.06 -1.04 -0.33 -1.86  0.24  0.44  0.14  0.45  0.43 -0.60
 1983  3  0.66  0.57  0.70  0.76  0.60  0.86  0.57  0.51  0.58  0.93  0.94  0.93  0.66  0.51  0.79  0.39  0.19  0.43  1.87  1.63  2.14  0.14 -0.16  0.27  0.93  0.92  0.48
 1983  4  0.51  0.40  0.56  0.46  0.37  0.52  0.56  0.46  0.59  0.76  0.70  0.78  0.30  0.28  0.33  0.46  0.28  0.49  1.45  1.27  1.66  0.28  0.12  0.36  0.34  0.27  0.54
 1983  5  0.42  0.32  0.47  0.33  0.24  0.38  0.52  0.48  0.53  0.70  0.75  0.69  0.15  0.13  0.16  0.41  0.24  0.44 -0.14 -0.09 -0.20 -0.01 -0.29  0.12  0.21  0.11  0.65
 1983  6  0.16 -0.06  0.24  0.12 -0.18  0.31  0.19  0.21  0.19  0.52  0.51  0.52 -0.08 -0.34  0.16  0.01 -0.07  0.02 -0.06 -0.40  0.32 -0.55 -0.35 -0.65  0.06  0.07  0.14
 1983  7  0.21  0.09  0.25  0.22  0.07  0.31  0.20  0.13  0.21  0.54  0.55  0.54  0.05 -0.05  0.13  0.02 -0.19  0.06  0.07 -0.05  0.20 -0.39 -0.85 -0.17  0.09  0.09  0.22
 1983  8  0.19  0.24  0.16  0.32  0.33  0.32  0.05  0.05  0.05  0.51  0.55  0.50  0.23  0.27  0.20 -0.20 -0.34 -0.18  0.39  0.32  0.47 -0.97 -1.19 -0.86  0.16  0.21  0.09
 1983  9 -0.01  0.02 -0.02  0.01  0.01  0.01 -0.03  0.06 -0.05  0.23  0.26  0.22 -0.10 -0.05 -0.14 -0.18 -0.11 -0.19 -0.31 -0.44 -0.16 -0.93 -0.75 -1.02 -0.22 -0.32  0.27
 1983 10 -0.00  0.02 -0.01 -0.01  0.10 -0.08  0.01 -0.15  0.04  0.06  0.07  0.06 -0.05  0.10 -0.18 -0.02 -0.30  0.03 -0.43 -0.42 -0.44 -0.88 -1.06 -0.80  0.22  0.15  0.38
 1983 11  0.03  0.07  0.02  0.02  0.02  0.03  0.04  0.17  0.01 -0.22 -0.25 -0.21  0.14  0.09  0.19  0.19  0.51  0.13 -0.26 -0.15 -0.38  1.60  1.42  1.69  0.96  0.88  0.17
 1983 12 -0.14 -0.04 -0.18 -0.07 -0.02 -0.10 -0.21 -0.08 -0.23 -0.41 -0.42 -0.41  0.11  0.07  0.15 -0.10  0.20 -0.15 -0.37 -0.19 -0.57  0.57  1.22  0.27  0.27  0.28 -0.53
 1984  1 -0.41 -0.25 -0.47 -0.51 -0.21 -0.69 -0.32 -0.35 -0.31 -0.46 -0.45 -0.46 -0.54 -0.16 -0.87 -0.24 -0.24 -0.24 -3.00 -2.36 -3.74 -0.15 -0.00 -0.23 -0.01 -0.33 -0.46
 1984  2 -0.34 -0.46 -0.30 -0.32 -0.50 -0.20 -0.36 -0.36 -0.36 -0.32 -0.32 -0.32 -0.31 -0.55 -0.10 -0.39 -0.38 -0.40 -1.31 -1.36 -1.25 -0.33 -0.22 -0.38  0.89  1.26 -0.62
 1984  3 -0.19  0.20 -0.35  0.14  0.48 -0.08 -0.52 -0.44 -0.54 -0.55 -0.55 -0.56  0.51  0.75  0.29 -0.51 -0.36 -0.54  3.41  3.27  3.57 -0.25  0.02 -0.37 -0.31 -0.04 -0.58
 1984  4 -0.21 -0.08 -0.26 -0.06  0.03 -0.12 -0.36 -0.33 -0.36 -0.37 -0.34 -0.38  0.10  0.13  0.08 -0.35 -0.31 -0.36  1.37  1.21  1.54 -0.32 -0.32 -0.31 -0.00 -0.01 -0.30
 1984  5 -0.22 -0.23 -0.22 -0.38 -0.35 -0.40 -0.06  0.05 -0.08 -0.37 -0.28 -0.40 -0.38 -0.36 -0.39  0.10  0.26  0.07 -0.31 -0.50 -0.09  0.64  0.95  0.50 -0.34 -0.42 -0.37
 1984  6 -0.08 -0.04 -0.09 -0.17  0.00 -0.29  0.02 -0.14  0.05 -0.36 -0.31 -0.37 -0.07  0.08 -0.21  0.21 -0.02  0.25 -0.16 -0.18 -0.15  0.38  0.15  0.49 -0.10 -0.14  0.12
 1984  7 -0.25 -0.32 -0.22 -0.43 -0.29 -0.51 -0.07 -0.39 -0.00 -0.68 -0.66 -0.68 -0.29 -0.19 -0.38  0.25 -0.20  0.33 -0.03 -0.00 -0.07  0.46 -0.06  0.70 -0.50 -0.44 -0.36
 1984  8 -0.26 -0.27 -0.26 -0.34 -0.22 -0.41 -0.19 -0.39 -0.14 -0.51 -0.51 -0.51 -0.24 -0.14 -0.32 -0.02 -0.30  0.02  0.29  0.28  0.31 -0.11 -0.43  0.03 -0.44 -0.31  0.06
 1984  9 -0.74 -0.77 -0.73 -0.72 -0.72 -0.72 -0.76 -0.86 -0.73 -0.93 -0.93 -0.93 -0.60 -0.67 -0.54 -0.67 -0.81 -0.65 -0.31 -0.40 -0.21 -1.04 -1.20 -0.96 -0.79 -0.82 -0.47
 1984 10 -0.41 -0.39 -0.42 -0.44 -0.33 -0.51 -0.38 -0.51 -0.35 -0.63 -0.61 -0.64 -0.33 -0.25 -0.41 -0.26 -0.49 -0.22  0.14  0.22  0.05 -0.68 -0.72 -0.67 -0.66 -0.59 -0.13
 1984 11 -0.32 -0.43 -0.28 -0.42 -0.47 -0.40 -0.22 -0.33 -0.19 -0.80 -0.78 -0.80 -0.23 -0.39 -0.09  0.09  0.01  0.11 -0.17 -0.29 -0.03  1.04  0.63  1.24  0.05  0.05 -0.50
 1984 12 -0.20 -0.18 -0.20 -0.17 -0.19 -0.16 -0.22 -0.17 -0.23 -0.64 -0.69 -0.63  0.08 -0.05  0.20 -0.00  0.21 -0.04  1.10  0.78  1.47  0.62  1.17  0.35 -0.08  0.01 -0.12
 1985  1 -0.13  0.02 -0.20  0.06  0.21 -0.04 -0.33 -0.39 -0.31 -0.63 -0.59 -0.64  0.43  0.43  0.43 -0.17 -0.26 -0.15  3.69  3.29  4.15  0.41  0.43  0.40 -1.06 -0.96 -1.01
 1985  2 -0.03  0.30 -0.16  0.11  0.52 -0.15 -0.17 -0.20 -0.17 -0.25 -0.24 -0.25  0.30  0.71 -0.07 -0.14 -0.14 -0.14  1.66  1.65  1.66 -0.12  0.00 -0.19 -0.69 -0.62 -0.41
 1985  3  0.05  0.09  0.03  0.03  0.14 -0.05  0.07 -0.04  0.09 -0.27 -0.24 -0.27  0.19  0.25  0.13  0.24  0.08  0.26  1.86  1.53  2.23  0.38  0.14  0.49  0.49  0.53  0.06
 1985  4  0.04  0.19 -0.01  0.02  0.26 -0.14  0.07  0.04  0.08 -0.42 -0.43 -0.42  0.26  0.45  0.08  0.32  0.38  0.31  1.83  1.62  2.08  0.97  0.84  1.04 -0.33 -0.18  0.04
 1985  5 -0.16 -0.07 -0.20 -0.07  0.02 -0.13 -0.25 -0.29 -0.24 -0.31 -0.34 -0.30  0.05  0.12 -0.01 -0.23 -0.26 -0.22  0.68  0.65  0.72 -0.17 -0.09 -0.20 -0.00  0.14 -0.47
 1985  6 -0.20 -0.24 -0.18 -0.24 -0.27 -0.22 -0.16 -0.18 -0.16 -0.30 -0.36 -0.28 -0.24 -0.26 -0.21 -0.07 -0.02 -0.07 -0.10 -0.11 -0.09  0.85  0.48  1.03 -0.42 -0.34 -0.30
 1985  7 -0.52 -0.62 -0.48 -0.64 -0.67 -0.62 -0.41 -0.51 -0.38 -0.71 -0.71 -0.70 -0.61 -0.65 -0.58 -0.23 -0.37 -0.21 -0.30 -0.21 -0.40  0.05 -0.18  0.15 -0.86 -0.82 -0.74
 1985  8 -0.33 -0.34 -0.32 -0.41 -0.39 -0.41 -0.25 -0.22 -0.26 -0.28 -0.28 -0.28 -0.48 -0.42 -0.53 -0.22 -0.18 -0.23 -0.34 -0.34 -0.34 -0.16  0.01 -0.24 -0.64 -0.64 -0.42
 1985  9 -0.31 -0.24 -0.34 -0.19 -0.15 -0.22 -0.43 -0.45 -0.42 -0.17 -0.16 -0.17 -0.19 -0.14 -0.24 -0.57 -0.68 -0.55  0.18  0.03  0.35 -0.95 -1.47 -0.70 -0.37 -0.23 -0.20
 1985 10 -0.43 -0.24 -0.50 -0.18 -0.06 -0.26 -0.67 -0.64 -0.68 -0.18 -0.17 -0.19 -0.18 -0.03 -0.32 -0.93 -1.01 -0.92  0.20  0.18  0.23 -1.55 -1.98 -1.35 -0.31 -0.23 -0.20
 1985 11 -0.29 -0.29 -0.29 -0.20 -0.15 -0.24 -0.39 -0.63 -0.33 -0.37 -0.45 -0.35 -0.11 -0.06 -0.15 -0.39 -0.76 -0.33  0.45  0.55  0.33 -0.53 -1.52 -0.06 -0.49 -0.55 -0.16
 1985 12 -0.28 -0.16 -0.32 -0.12 -0.07 -0.14 -0.44 -0.37 -0.45 -0.47 -0.43 -0.48  0.05  0.02  0.08 -0.40 -0.32 -0.41 -0.00  0.14 -0.17  0.30  0.06  0.41 -1.06 -1.00 -0.46
 1986  1 -0.11  0.09 -0.18  0.13  0.27  0.04 -0.34 -0.31 -0.34 -0.15 -0.22 -0.13  0.25  0.39  0.13 -0.42 -0.34 -0.43 -0.27  0.07 -0.65 -0.07 -0.07 -0.06  0.18  0.40 -0.33
 1986  2 -0.31 -0.22 -0.34 -0.20 -0.07 -0.28 -0.42 -0.55 -0.39 -0.43 -0.47 -0.42 -0.08  0.02 -0.18 -0.40 -0.57 -0.37 -1.56 -0.76 -2.48 -0.23 -0.19 -0.24  0.25  0.31 -0.96
 1986  3 -0.28 -0.27 -0.28 -0.05 -0.17  0.03 -0.51 -0.51 -0.51 -0.43 -0.48 -0.41  0.14 -0.10  0.35 -0.54 -0.50 -0.54  0.82  0.64  1.03 -0.21  0.05 -0.33 -0.42 -0.01 -0.91
 1986  4 -0.18  0.08 -0.29 -0.10  0.21 -0.29 -0.27 -0.21 -0.28 -0.37 -0.37 -0.37  0.06  0.37 -0.23 -0.23 -0.12 -0.25  1.68  1.76  1.58 -0.09  0.06 -0.16 -0.30 -0.13 -0.27
 1986  5 -0.24 -0.27 -0.22 -0.34 -0.32 -0.36 -0.13 -0.16 -0.13 -0.46 -0.50 -0.45 -0.28 -0.27 -0.29  0.04  0.07  0.04  0.36  0.40  0.32  0.04  0.48 -0.16 -0.55 -0.38 -0.15
 1986  6 -0.29 -0.37 -0.26 -0.41 -0.42 -0.41 -0.18 -0.25 -0.16 -0.43 -0.43 -0.43 -0.41 -0.42 -0.40 -0.04 -0.10 -0.02 -0.05 -0.17  0.10  0.08  0.14  0.05 -0.59 -0.55 -0.31
 1986  7 -0.40 -0.54 -0.34 -0.58 -0.62 -0.55 -0.22 -0.35 -0.19 -0.50 -0.53 -0.50 -0.62 -0.65 -0.59 -0.07 -0.21 -0.05 -0.50 -0.51 -0.48  0.40  0.22  0.48 -0.79 -0.80 -0.41
 1986  8 -0.33 -0.65 -0.20 -0.65 -0.77 -0.58 -0.00 -0.40  0.08 -0.51 -0.59 -0.49 -0.72 -0.80 -0.65  0.27 -0.28  0.36 -0.59 -0.56 -0.62  0.44 -0.60  0.93 -0.99 -0.93  0.15
 1986  9 -0.35 -0.53 -0.28 -0.57 -0.54 -0.59 -0.14 -0.53 -0.06 -0.51 -0.57 -0.50 -0.58 -0.52 -0.64  0.05 -0.52  0.15 -0.15 -0.14 -0.17 -0.04 -1.01  0.42 -0.76 -0.70 -0.26
 1986 10 -0.35 -0.49 -0.30 -0.44 -0.52 -0.39 -0.27 -0.42 -0.24 -0.38 -0.41 -0.38 -0.46 -0.54 -0.39 -0.21 -0.46 -0.17 -0.30 -0.46 -0.12 -0.51 -0.79 -0.38 -0.70 -0.80 -0.24
 1986 11 -0.03 -0.03 -0.02 -0.17 -0.21 -0.15  0.12  0.36  0.07 -0.30 -0.38 -0.28 -0.10 -0.15 -0.06  0.34  0.89  0.24 -0.64 -0.47 -0.82  2.34  2.49  2.27 -0.13 -0.20 -0.35
 1986 12  0.15  0.17  0.14  0.06  0.20 -0.03  0.24  0.12  0.26 -0.04 -0.08 -0.02  0.10  0.26 -0.05  0.39  0.27  0.41 -1.18 -0.49 -1.98  1.28  0.95  1.44 -0.14 -0.17 -0.52
 1987  1  0.23  0.24  0.22  0.33  0.34  0.32  0.13  0.02  0.15  0.07  0.01  0.09  0.45  0.42  0.47  0.17  0.05  0.20  1.68  1.65  1.72  0.12  0.16  0.10  0.97  1.20  0.05
 1987  2  0.18  0.21  0.16  0.42  0.34  0.46 -0.07 -0.10 -0.06 -0.06 -0.13 -0.04  0.65  0.47  0.82 -0.05 -0.07 -0.05  4.54  3.73  5.47 -0.02  0.21 -0.12 -0.31 -0.21 -0.11
 1987  3 -0.05 -0.04 -0.05 -0.05 -0.03 -0.06 -0.05 -0.06 -0.05 -0.13 -0.11 -0.14 -0.01 -0.01 -0.02  0.00 -0.02  0.01  1.35  1.08  1.66  0.46  0.50  0.44 -1.16 -1.25 -0.89
 1987  4  0.15  0.04  0.19  0.03 -0.03  0.07  0.27  0.18  0.28  0.26  0.22  0.27 -0.08 -0.09 -0.07  0.26  0.14  0.28  0.04  0.11 -0.04 -0.14  0.01 -0.21 -0.28 -0.44  0.03
 1987  5  0.01 -0.10  0.06 -0.10 -0.17 -0.06  0.12  0.03  0.14  0.01  0.01  0.02 -0.14 -0.20 -0.10  0.16  0.01  0.19 -0.11 -0.01 -0.23 -0.19 -0.39 -0.10 -0.13 -0.07  0.07
 1987  6  0.30  0.23  0.32  0.28  0.23  0.31  0.32  0.25  0.33  0.33  0.25  0.35  0.26  0.22  0.29  0.30  0.25  0.31  0.46  0.59  0.32 -0.05  0.28 -0.21  0.06  0.22  0.26
 1987  7  0.14  0.09  0.16  0.13 -0.04  0.24  0.15  0.39  0.10  0.36  0.39  0.35  0.03 -0.14  0.17  0.03  0.33 -0.03 -0.00 -0.04  0.04 -0.46  0.01 -0.68  0.13  0.12  0.40
 1987  8  0.03 -0.01  0.04  0.05 -0.07  0.13  0.00  0.13 -0.02  0.37  0.35  0.37 -0.08 -0.16 -0.01 -0.22 -0.09 -0.24 -0.26 -0.31 -0.21 -0.73 -0.97 -0.62 -0.10 -0.21  0.35
 1987  9 -0.03  0.00 -0.04  0.14  0.03  0.21 -0.20 -0.07 -0.23  0.44  0.45  0.43  0.01 -0.06  0.07 -0.56 -0.52 -0.57 -0.33 -0.34 -0.32 -2.16 -1.98 -2.24 -0.26 -0.18  0.33
 1987 10  0.10  0.16  0.08  0.35  0.28  0.40 -0.15 -0.10 -0.16  0.47  0.45  0.48  0.32  0.25  0.39 -0.51 -0.56 -0.50  0.79  0.55  1.07 -3.03 -2.27 -3.39 -0.32 -0.15  0.68
 1987 11  0.18  0.26  0.15  0.55  0.59  0.53 -0.19 -0.50 -0.12  0.54  0.50  0.54  0.58  0.63  0.54 -0.59 -1.28 -0.47  1.49  1.48  1.50 -4.29 -4.34 -4.27  0.25  0.63  0.99
 1987 12  0.41  0.62  0.32  0.68  0.78  0.61  0.14  0.26  0.11  0.37  0.33  0.39  0.85  0.92  0.79 -0.00  0.15 -0.03  4.53  3.87  5.29 -0.01  0.27 -0.15  0.17  0.17  0.28
 1988  1  0.10 -0.05  0.15 -0.16 -0.25 -0.11  0.36  0.40  0.35  0.44  0.42  0.45 -0.47 -0.41 -0.52  0.30  0.36  0.29 -0.92 -1.01 -0.81  0.89  1.12  0.79 -1.14 -1.64 -0.46
 1988  2 -0.07 -0.40  0.07 -0.39 -0.76 -0.16  0.26  0.39  0.23  0.43  0.39  0.44 -0.82 -1.04 -0.63  0.17  0.34  0.14 -3.98 -3.58 -4.45  0.46  0.63  0.38 -0.81 -1.27  0.10
 1988  3  0.18  0.35  0.12  0.25  0.45  0.11  0.12  0.11  0.12  0.27  0.24  0.28  0.25  0.52  0.01  0.02 -0.01  0.03  0.20  0.34  0.04  0.05 -0.03  0.09  0.42  0.38 -0.25
 1988  4  0.09  0.06  0.09  0.03  0.00  0.04  0.14  0.20  0.13  0.05  0.08  0.04  0.03 -0.00  0.07  0.17  0.25  0.16  0.73  0.54  0.95  0.31  0.36  0.28 -0.08  0.03  0.18
 1988  5  0.13  0.10  0.15  0.12  0.10  0.13  0.15  0.11  0.16  0.15  0.14  0.16  0.10  0.08  0.12  0.15  0.12  0.15  0.36  0.42  0.29 -0.13  0.01 -0.20 -0.06  0.09  0.47
 1988  6 -0.02  0.04 -0.05  0.03  0.02  0.04 -0.08  0.08 -0.11  0.04  0.08  0.03  0.03  0.01  0.05 -0.15  0.07 -0.19  0.40  0.44  0.36 -0.66 -0.03 -0.96 -0.27 -0.16  0.22
 1988  7  0.02 -0.01  0.04 -0.04 -0.09 -0.01  0.09  0.18  0.07  0.08  0.13  0.06 -0.10 -0.15 -0.06  0.09  0.20  0.07 -0.19 -0.27 -0.09 -0.01  0.29 -0.15 -0.35 -0.40  0.18
 1988  8  0.03 -0.02  0.05 -0.17 -0.12 -0.20  0.23  0.21  0.23 -0.21 -0.12 -0.24 -0.15 -0.12 -0.17  0.46  0.46  0.46 -0.06 -0.10 -0.01  0.98  1.27  0.84 -0.16 -0.12 -0.12
 1988  9  0.12  0.10  0.12 -0.21 -0.15 -0.25  0.44  0.68  0.40 -0.22 -0.17 -0.24 -0.21 -0.15 -0.27  0.80  1.32  0.71 -0.10 -0.18 -0.01  1.74  2.88  1.20 -0.20 -0.23  0.14
 1988 10  0.10  0.11  0.10 -0.21 -0.18 -0.23  0.41  0.77  0.34 -0.23 -0.15 -0.26 -0.19 -0.19 -0.20  0.74  1.45  0.62 -0.31 -0.29 -0.34  2.04  3.67  1.28 -0.70 -0.57  0.20
 1988 11  0.20  0.35  0.15 -0.22 -0.09 -0.31  0.63  1.33  0.48 -0.41 -0.35 -0.42 -0.12 -0.02 -0.21  1.17  2.62  0.92 -0.55 -0.31 -0.83  5.11  6.34  4.52  0.36  0.32  0.31
 1988 12  0.03  0.13 -0.00 -0.29 -0.16 -0.37  0.35  0.78  0.26 -0.58 -0.47 -0.61 -0.13 -0.08 -0.18  0.84  1.73  0.68 -0.71 -0.87 -0.52  3.44  4.25  3.06 -0.39 -0.82  0.22
 1989  1 -0.20 -0.32 -0.15 -0.49 -0.45 -0.51  0.09 -0.03  0.12 -0.29 -0.32 -0.29 -0.60 -0.50 -0.70  0.31  0.24  0.32 -3.91 -3.68 -4.18  1.15  1.19  1.13  0.83  0.19 -0.52
 1989  2 -0.17 -0.06 -0.21 -0.10  0.02 -0.18 -0.23 -0.26 -0.23 -0.72 -0.68 -0.73  0.22  0.21  0.23  0.02  0.06  0.01 -1.06 -1.07 -1.05  0.91  0.94  0.89 -0.30 -0.22 -0.71
 1989  3 -0.22  0.04 -0.32  0.04  0.26 -0.09 -0.48 -0.45 -0.48 -0.91 -0.86 -0.92  0.55  0.55  0.55 -0.25 -0.15 -0.27  3.18  2.57  3.87  0.52  0.41  0.57  0.01  0.20 -0.47
 1989  4 -0.14 -0.07 -0.17 -0.15 -0.05 -0.22 -0.13 -0.10 -0.14 -0.43 -0.40 -0.44  0.00  0.04 -0.03  0.01  0.11 -0.00  1.37  1.25  1.50 -0.08  0.10 -0.17 -0.67 -0.58  0.31
 1989  5 -0.22 -0.26 -0.21 -0.41 -0.32 -0.47 -0.04 -0.14 -0.02 -0.47 -0.46 -0.48 -0.36 -0.28 -0.43  0.18  0.10  0.20 -0.14 -0.12 -0.16  0.58  0.11  0.81 -0.25 -0.22  0.39
 1989  6 -0.26 -0.41 -0.20 -0.41 -0.47 -0.38 -0.10 -0.26 -0.06 -0.43 -0.41 -0.44 -0.39 -0.48 -0.31  0.06 -0.18  0.11 -0.39 -0.53 -0.22  0.10 -0.56  0.41 -0.52 -0.46  0.28
 1989  7 -0.27 -0.33 -0.24 -0.35 -0.40 -0.31 -0.19 -0.18 -0.19 -0.22 -0.24 -0.22 -0.40 -0.44 -0.37 -0.18 -0.15 -0.18 -0.13 -0.30  0.07  0.03 -0.33  0.21 -0.53 -0.53 -0.07
 1989  8 -0.26 -0.21 -0.28 -0.20 -0.27 -0.15 -0.33 -0.07 -0.38 -0.13 -0.12 -0.14 -0.22 -0.30 -0.16 -0.44 -0.08 -0.51 -0.14 -0.19 -0.07 -0.39 -0.29 -0.43 -0.27 -0.24  0.03
 1989  9 -0.22 -0.13 -0.25 -0.10 -0.11 -0.10 -0.34 -0.19 -0.37 -0.04 -0.00 -0.05 -0.12 -0.13 -0.11 -0.51 -0.34 -0.54 -0.08 -0.16  0.01 -1.31 -1.00 -1.46 -0.15 -0.15  0.05
 1989 10 -0.25 -0.07 -0.32 -0.09  0.02 -0.15 -0.42 -0.27 -0.45 -0.09 -0.09 -0.10 -0.07  0.05 -0.17 -0.60 -0.41 -0.64  0.28  0.30  0.26 -1.98 -1.14 -2.38 -0.45 -0.20  0.48
 1989 11 -0.05 -0.17 -0.00 -0.16 -0.20 -0.14  0.06 -0.12  0.10 -0.28 -0.28 -0.28 -0.11 -0.17 -0.05  0.24 -0.02  0.29 -0.06  0.01 -0.15  0.56 -0.18  0.92  0.19  0.36 -0.01
 1989 12  0.10  0.05  0.11 -0.16 -0.20 -0.13  0.35  0.64  0.30 -0.27 -0.23 -0.28 -0.12 -0.20 -0.05  0.70  1.32  0.59 -1.45 -1.27 -1.66  2.00  3.27  1.39 -0.19 -0.35 -0.57
 1990  1  0.01 -0.16  0.07 -0.16 -0.29 -0.08  0.18  0.13  0.19 -0.06 -0.12 -0.04 -0.24 -0.34 -0.15  0.32  0.34  0.32 -2.50 -2.17 -2.88  0.67  0.90  0.56  0.85  0.97 -0.13
 1990  2 -0.04 -0.08 -0.02 -0.05 -0.05 -0.06 -0.02 -0.13  0.01 -0.39 -0.38 -0.39  0.10  0.01  0.17  0.20  0.12  0.21 -1.45 -1.15 -1.79  1.12  1.11  1.13  1.49  1.48 -1.09
 1990  3  0.14  0.14  0.14  0.01  0.15 -0.07  0.27  0.14  0.30 -0.02 -0.08 -0.00  0.02  0.21 -0.14  0.43  0.30  0.46 -2.51 -1.88 -3.24  0.64  0.50  0.70  0.63  0.34  0.32
 1990  4  0.10 -0.06  0.17 -0.17 -0.19 -0.15  0.38  0.23  0.41  0.10  0.10  0.10 -0.32 -0.27 -0.36  0.53  0.32  0.56 -2.61 -2.20 -3.09  0.39  0.19  0.49 -0.39 -0.63  0.34
 1990  5  0.16  0.09  0.18  0.03 -0.01  0.05  0.28  0.30  0.28  0.21  0.19  0.21 -0.07 -0.06 -0.08  0.32  0.38  0.31 -1.16 -0.99 -1.36 -0.12  0.46 -0.39  0.35  0.20  0.44
 1990  6  0.16  0.04  0.21  0.06  0.03  0.08  0.26  0.06  0.31  0.23  0.19  0.25 -0.04 -0.02 -0.05  0.28 -0.04  0.34 -0.41 -0.43 -0.39 -0.13 -0.52  0.06 -0.00 -0.05  0.73
 1990  7 -0.08 -0.08 -0.08 -0.13 -0.17 -0.10 -0.03  0.13 -0.06 -0.05 -0.06 -0.04 -0.17 -0.19 -0.15 -0.02  0.25 -0.07 -0.34 -0.28 -0.41  0.21  0.69 -0.01 -0.29 -0.30 -0.26
 1990  8 -0.08 -0.22 -0.02 -0.16 -0.28 -0.09  0.01 -0.09  0.04  0.08  0.02  0.10 -0.28 -0.36 -0.22 -0.03 -0.19 -0.01 -0.18 -0.24 -0.11 -0.30 -0.54 -0.19 -0.54 -0.46  0.27
 1990  9 -0.14 -0.16 -0.13 -0.19 -0.13 -0.23 -0.08 -0.22 -0.06 -0.01 -0.01 -0.01 -0.27 -0.15 -0.37 -0.13 -0.40 -0.09 -0.01  0.03 -0.06 -0.21 -0.80  0.07 -0.44 -0.31 -0.09
 1990 10 -0.15 -0.17 -0.14 -0.13 -0.16 -0.12 -0.17 -0.19 -0.16  0.07  0.08  0.07 -0.24 -0.21 -0.26 -0.29 -0.41 -0.27 -0.59 -0.57 -0.61 -1.40 -1.10 -1.54 -0.23 -0.51 -0.17
 1990 11  0.07 -0.01  0.10  0.11  0.12  0.10  0.04 -0.29  0.11  0.37  0.31  0.39 -0.03  0.07 -0.12 -0.14 -0.74 -0.03 -1.42 -1.07 -1.81 -1.85 -2.22 -1.68  0.34 -0.08  0.29
 1990 12  0.07  0.05  0.08  0.15  0.14  0.16 -0.01 -0.15  0.02  0.21  0.19  0.22  0.12  0.12  0.12 -0.12 -0.38 -0.07 -0.69 -0.53 -0.87 -1.07 -0.99 -1.11  0.45  0.19  0.21
 1991  1 -0.02  0.11 -0.07  0.04  0.11 -0.00 -0.08  0.11 -0.12  0.08  0.05  0.08  0.02  0.14 -0.08 -0.17  0.12 -0.22 -0.06  0.01 -0.13  0.15  0.30  0.08 -0.54 -0.79  0.16
 1991  2  0.08  0.13  0.06  0.17  0.15  0.19 -0.02  0.08 -0.04  0.11  0.05  0.13  0.22  0.20  0.23 -0.10  0.05 -0.12  1.63  1.49  1.78 -0.27 -0.24 -0.28 -0.44 -0.30  0.51
 1991  3  0.19  0.22  0.18  0.26  0.27  0.26  0.12  0.11  0.12  0.18  0.14  0.19  0.31  0.30  0.31  0.09  0.08  0.09  1.07  0.89  1.26 -0.02  0.09 -0.07  0.26  0.47 -0.10
 1991  4 -0.06  0.01 -0.09 -0.06 -0.04 -0.07 -0.07  0.15 -0.11 -0.10 -0.15 -0.09 -0.03 -0.01 -0.06 -0.05  0.34 -0.12  0.88  0.72  1.07  0.53  1.20  0.21 -0.18 -0.11 -0.42
 1991  5  0.09  0.14  0.07  0.10  0.12  0.09  0.08  0.19  0.06  0.10  0.11  0.10  0.11  0.13  0.10  0.06  0.22  0.03  0.43  0.40  0.48  0.31  0.57  0.18  0.26  0.30 -0.32
 1991  6  0.19  0.19  0.19  0.13  0.09  0.16  0.25  0.44  0.22  0.28  0.30  0.28  0.05  0.03  0.08  0.23  0.53  0.18  0.02  0.01  0.02  0.37  0.96  0.09  0.02  0.04  0.35
 1991  7  0.15  0.13  0.16  0.07  0.01  0.11  0.24  0.40  0.21  0.18  0.19  0.18  0.02 -0.03  0.07  0.26  0.55  0.20 -0.08 -0.07 -0.08  0.26  0.76  0.02 -0.15 -0.12  0.41
 1991  8  0.40  0.29  0.44  0.32  0.24  0.37  0.47  0.42  0.49  0.36  0.31  0.38  0.29  0.22  0.35  0.54  0.51  0.54  0.29  0.22  0.36  0.22  0.61  0.04 -0.03  0.02  0.58
 1991  9  0.40  0.30  0.44  0.31  0.21  0.38  0.49  0.49  0.49  0.47  0.40  0.49  0.23  0.16  0.30  0.50  0.57  0.49  0.18  0.17  0.20 -0.01  0.38 -0.19 -0.01  0.11  1.13
 1991 10  0.32  0.27  0.34  0.20  0.22  0.19  0.44  0.39  0.45  0.07  0.03  0.08  0.27  0.28  0.27  0.63  0.65  0.63 -0.07  0.05 -0.22  0.57  1.40  0.18  0.11  0.11  0.29
 1991 11  0.33  0.22  0.37  0.09  0.03  0.12  0.57  0.66  0.55 -0.05 -0.11 -0.03  0.14  0.06  0.21  0.91  1.24  0.85 -0.58 -0.41 -0.78  2.82  3.01  2.73  0.37  0.27  0.06
 1991 12  0.35  0.38  0.33  0.21  0.23  0.20  0.48  0.71  0.43  0.04 -0.03  0.06  0.30  0.30  0.29  0.72  1.27  0.63 -1.14 -0.94 -1.37  2.34  3.44  1.83  0.70  0.57 -0.57
 1992  1  0.28  0.40  0.23  0.37  0.50  0.29  0.18  0.18  0.18  0.00 -0.02  0.01  0.56  0.64  0.48  0.29  0.30  0.29  0.51  1.06 -0.11  1.00  1.11  0.95  1.18  1.32 -0.64
 1992  2  0.25  0.23  0.26  0.35  0.31  0.38  0.14  0.04  0.17  0.17  0.07  0.20  0.43  0.37  0.49  0.15  0.03  0.17  0.55  0.58  0.51  0.01  0.09 -0.03  0.32  0.67 -0.09
 1992  3  0.29 -0.07  0.43  0.21 -0.16  0.44  0.37  0.12  0.42  0.46  0.39  0.48  0.06 -0.31  0.39  0.34 -0.07  0.41  0.17 -0.43  0.86  0.11 -0.14  0.23  0.37  0.46 -0.16
 1992  4  0.20  0.09  0.24  0.18  0.06  0.26  0.22  0.17  0.23  0.35  0.32  0.36  0.08 -0.01  0.16  0.16  0.06  0.18 -0.01 -0.20  0.22  0.26  0.07  0.36 -0.56 -0.77  0.03
 1992  5  0.17  0.05  0.23 -0.03 -0.20  0.08  0.37  0.59  0.33  0.15  0.14  0.15 -0.11 -0.27  0.03  0.48  0.88  0.41 -0.03 -0.14  0.11  1.08  1.72  0.78 -0.31 -0.30  0.32
 1992  6  0.23 -0.02  0.32 -0.15 -0.29 -0.05  0.60  0.61  0.60  0.20  0.13  0.22 -0.31 -0.39 -0.23  0.79  0.92  0.77 -0.36 -0.35 -0.37  1.14  1.80  0.82 -0.25 -0.26  0.37
 1992  7  0.07 -0.26  0.20 -0.37 -0.54 -0.26  0.50  0.35  0.53 -0.07 -0.10 -0.06 -0.51 -0.64 -0.39  0.79  0.66  0.81 -0.89 -0.94 -0.83  0.97  1.27  0.83 -0.42 -0.51  0.07
 1992  8  0.01 -0.26  0.11 -0.28 -0.44 -0.18  0.29  0.13  0.33  0.03 -0.04  0.06 -0.43 -0.54 -0.34  0.41  0.26  0.44 -0.80 -0.91 -0.67 -0.09  0.08 -0.17 -0.52 -0.56  0.65
 1992  9  0.06 -0.08  0.12 -0.06 -0.13 -0.01  0.18  0.03  0.21  0.11  0.07  0.12 -0.13 -0.18 -0.09  0.19 -0.03  0.23 -0.45 -0.54 -0.35 -0.38 -0.75 -0.21 -0.34 -0.33  0.86
 1992 10  0.15  0.05  0.19 -0.07 -0.02 -0.11  0.38  0.23  0.41  0.01 -0.03  0.02 -0.10 -0.01 -0.18  0.55  0.40  0.58 -0.04  0.14 -0.26  1.07  0.62  1.29 -0.48 -0.43  0.24
 1992 11  0.16  0.03  0.21  0.11  0.10  0.11  0.21 -0.13  0.28 -0.05 -0.11 -0.03  0.20  0.16  0.22  0.34 -0.16  0.43 -0.14 -0.05 -0.25  0.14 -0.73  0.55  1.07  1.16  0.23
 1992 12  0.04  0.08  0.02  0.09  0.07  0.10 -0.01  0.11 -0.04  0.03  0.00  0.03  0.13  0.09  0.16 -0.03  0.16 -0.07 -0.57 -0.63 -0.49  0.03  0.32 -0.11  0.48  0.16  0.00
 1993  1 -0.07 -0.20 -0.02 -0.26 -0.25 -0.27  0.11 -0.09  0.16  0.19  0.11  0.22 -0.49 -0.34 -0.62  0.06 -0.23  0.11 -2.82 -2.38 -3.33 -0.45 -0.34 -0.51  0.65  0.19 -0.27
 1993  2 -0.17 -0.23 -0.15 -0.33 -0.36 -0.31 -0.01  0.07 -0.02 -0.09 -0.10 -0.09 -0.45 -0.42 -0.46  0.03  0.18  0.00 -2.59 -2.12 -3.14  0.36  0.54  0.28  0.26  0.14  0.12
 1993  3 -0.29 -0.29 -0.29 -0.25 -0.29 -0.22 -0.33 -0.28 -0.34 -0.35 -0.41 -0.33 -0.19 -0.25 -0.12 -0.33 -0.21 -0.35 -0.89 -0.81 -0.98 -0.05  0.34 -0.23  0.09 -0.17 -0.76
 1993  4 -0.27 -0.53 -0.17 -0.45 -0.71 -0.29 -0.09 -0.15 -0.08 -0.04 -0.10 -0.02 -0.66 -0.86 -0.48 -0.13 -0.21 -0.12 -0.63 -0.93 -0.28 -0.18 -0.13 -0.20 -0.38 -0.31 -0.34
 1993  5 -0.21 -0.43 -0.12 -0.37 -0.51 -0.29 -0.04 -0.23  0.00  0.02  0.03  0.02 -0.56 -0.64 -0.50 -0.09 -0.47 -0.02 -0.68 -0.56 -0.82 -0.27 -0.86  0.01 -0.61 -0.61 -0.58
 1993  6 -0.15 -0.43 -0.04 -0.34 -0.53 -0.21  0.04 -0.19  0.08  0.13  0.08  0.14 -0.58 -0.69 -0.48 -0.02 -0.41  0.05 -1.19 -1.16 -1.23 -0.06 -0.99  0.38 -0.38 -0.48 -0.15
 1993  7 -0.19 -0.31 -0.15 -0.34 -0.45 -0.27 -0.04  0.00 -0.05  0.02  0.01  0.02 -0.53 -0.57 -0.50 -0.08 -0.01 -0.09 -0.99 -1.05 -0.93 -0.01 -0.02 -0.01 -0.29 -0.44  0.03
 1993  8 -0.27 -0.41 -0.21 -0.45 -0.50 -0.41 -0.09 -0.21 -0.07 -0.23 -0.24 -0.22 -0.56 -0.57 -0.55 -0.03 -0.18 -0.00 -0.72 -0.67 -0.78  0.23 -0.10  0.38 -0.52 -0.57 -0.24
 1993  9 -0.47 -0.55 -0.44 -0.57 -0.55 -0.58 -0.38 -0.55 -0.34 -0.40 -0.38 -0.40 -0.64 -0.59 -0.69 -0.38 -0.67 -0.33 -0.80 -0.76 -0.85 -1.07 -1.23 -0.99 -0.79 -0.76 -0.52
 1993 10 -0.30 -0.45 -0.25 -0.28 -0.41 -0.19 -0.33 -0.55 -0.29 -0.13 -0.18 -0.11 -0.34 -0.46 -0.24 -0.45 -0.84 -0.38 -0.03 -0.03 -0.02 -1.83 -1.86 -1.82 -0.67 -0.47 -0.13
 1993 11 -0.23 -0.41 -0.16 -0.32 -0.40 -0.26 -0.15 -0.45 -0.09 -0.15 -0.17 -0.14 -0.40 -0.46 -0.34 -0.15 -0.64 -0.07  0.02 -0.20  0.27 -0.83 -1.27 -0.63 -0.60 -0.58 -0.28
 1993 12 -0.02 -0.04 -0.01  0.01 -0.03  0.04 -0.05 -0.06 -0.04  0.06  0.07  0.06 -0.02 -0.06  0.01 -0.10 -0.16 -0.09  0.78  0.68  0.89  0.02 -0.35  0.19  0.31  0.64  0.06
 1994  1 -0.23 -0.08 -0.29 -0.17  0.02 -0.30 -0.28 -0.32 -0.28 -0.18 -0.13 -0.19 -0.16  0.06 -0.36 -0.35 -0.47 -0.33  0.76  0.99  0.49 -0.34 -0.47 -0.28 -0.48 -0.09 -0.59
 1994  2 -0.29 -0.38 -0.25 -0.33 -0.44 -0.26 -0.24 -0.26 -0.24 -0.20 -0.22 -0.19 -0.40 -0.50 -0.31 -0.27 -0.30 -0.26 -2.00 -1.75 -2.29 -0.32 -0.46 -0.25 -1.20 -1.26 -0.15
 1994  3 -0.28 -0.29 -0.28 -0.30 -0.29 -0.31 -0.26 -0.29 -0.26 -0.22 -0.26 -0.20 -0.34 -0.29 -0.38 -0.29 -0.32 -0.29 -1.91 -1.42 -2.47 -0.09 -0.11 -0.08  0.81  0.97 -0.43
 1994  4 -0.20 -0.25 -0.17 -0.16 -0.26 -0.09 -0.23 -0.23 -0.23 -0.23 -0.27 -0.22 -0.12 -0.26  0.02 -0.23 -0.18 -0.24  0.67  0.20  1.21  0.09  0.21  0.03 -0.77 -0.37 -0.43
 1994  5 -0.12 -0.12 -0.12 -0.15 -0.18 -0.13 -0.09  0.04 -0.11 -0.14 -0.17 -0.13 -0.16 -0.18 -0.13 -0.06  0.18 -0.11  0.13  0.15  0.12  0.46  0.77  0.32 -0.47 -0.37 -0.12
 1994  6 -0.05  0.05 -0.08 -0.14 -0.06 -0.19  0.05  0.29 -0.01 -0.15 -0.17 -0.14 -0.14 -0.05 -0.23  0.15  0.69  0.06 -0.04 -0.09  0.01  0.77  1.86  0.26 -0.30 -0.29 -0.07
 1994  7 -0.05 -0.07 -0.04 -0.14 -0.12 -0.15  0.04  0.05  0.04 -0.16 -0.22 -0.14 -0.12 -0.10 -0.15  0.14  0.27  0.12 -0.26 -0.37 -0.14  0.31  0.61  0.17 -0.41 -0.37  0.11
 1994  8 -0.13 -0.18 -0.10 -0.23 -0.20 -0.25 -0.02 -0.16  0.00 -0.23 -0.24 -0.23 -0.22 -0.19 -0.25  0.08 -0.08  0.11 -0.36 -0.52 -0.18  0.12 -0.20  0.28 -0.35 -0.33 -0.08
 1994  9 -0.17 -0.25 -0.13 -0.17 -0.22 -0.14 -0.16 -0.32 -0.13 -0.11 -0.16 -0.10 -0.19 -0.23 -0.15 -0.20 -0.45 -0.16 -0.33 -0.27 -0.40 -0.77 -0.89 -0.72 -0.60 -0.57 -0.21
 1994 10 -0.36 -0.35 -0.36 -0.30 -0.31 -0.30 -0.41 -0.42 -0.41 -0.41 -0.43 -0.41 -0.24 -0.27 -0.21 -0.41 -0.44 -0.41 -0.30 -0.20 -0.42 -0.95 -0.47 -1.18 -0.00 -0.07 -0.55
 1994 11 -0.05  0.06 -0.09 -0.10 -0.06 -0.14  0.01  0.33 -0.06 -0.34 -0.37 -0.33  0.03  0.03  0.03  0.18  0.86  0.06  0.29  0.19  0.40  0.76  2.49 -0.06  0.28  0.28 -0.26
 1994 12  0.13  0.05  0.16 -0.14 -0.20 -0.10  0.40  0.63  0.35  0.13  0.07  0.15 -0.28 -0.27 -0.29  0.54  1.02  0.45 -1.55 -1.53 -1.58  1.84  2.22  1.65  0.32 -0.35  0.10
 1995  1  0.09 -0.05  0.15 -0.06 -0.18  0.02  0.25  0.26  0.24  0.20  0.15  0.21 -0.18 -0.27 -0.10  0.26  0.33  0.25 -1.00 -0.95 -1.06  0.60  0.66  0.58  0.79  1.02  0.04
 1995  2 -0.18 -0.30 -0.13 -0.26 -0.39 -0.17 -0.10 -0.09 -0.10 -0.22 -0.29 -0.19 -0.26 -0.40 -0.13 -0.06  0.02 -0.07 -0.41 -0.56 -0.24  0.33  0.38  0.31 -0.06 -0.14 -0.29
 1995  3 -0.25 -0.49 -0.16 -0.55 -0.69 -0.46  0.04 -0.03  0.06  0.04  0.01  0.05 -0.85 -0.86 -0.84  0.04 -0.11  0.07 -2.42 -2.13 -2.75 -0.21 -0.33 -0.15 -0.27 -0.52  0.11
 1995  4 -0.07 -0.23 -0.00 -0.27 -0.41 -0.18  0.13  0.18  0.12  0.12  0.09  0.13 -0.47 -0.53 -0.42  0.14  0.22  0.13 -0.30 -0.33 -0.26  0.47  0.58  0.41 -0.44 -0.43 -0.08
 1995  5 -0.16 -0.31 -0.11 -0.32 -0.44 -0.25 -0.01 -0.02 -0.00 -0.02 -0.03 -0.01 -0.48 -0.54 -0.42 -0.00 -0.01 -0.00 -0.74 -0.69 -0.79  0.36  0.10  0.48 -0.46 -0.47 -0.07
 1995  6 -0.12 -0.25 -0.07 -0.20 -0.35 -0.10 -0.05 -0.04 -0.05  0.13  0.12  0.14 -0.38 -0.47 -0.29 -0.14 -0.15 -0.14 -0.56 -0.60 -0.51  0.07 -0.04  0.12 -0.41 -0.41 -0.21
 1995  7 -0.29 -0.20 -0.33 -0.30 -0.32 -0.28 -0.29  0.07 -0.37 -0.11 -0.00 -0.14 -0.41 -0.41 -0.41 -0.37  0.14 -0.46 -0.59 -0.57 -0.60  0.52  1.22  0.19 -0.54 -0.55 -0.74
 1995  8 -0.13 -0.12 -0.13 -0.16 -0.20 -0.13 -0.09  0.09 -0.13  0.06  0.10  0.05 -0.29 -0.28 -0.30 -0.16  0.08 -0.20 -0.56 -0.66 -0.45  0.31  0.72  0.12  0.30  0.10 -0.53
 1995  9 -0.08 -0.16 -0.04 -0.07 -0.18 -0.01 -0.08 -0.14 -0.07  0.03  0.06  0.02 -0.14 -0.24 -0.04 -0.13 -0.27 -0.11 -0.01  0.01 -0.03 -0.29 -0.43 -0.22 -0.41 -0.33  0.02
 1995 10 -0.22 -0.26 -0.21 -0.16 -0.17 -0.15 -0.28 -0.46 -0.25  0.05  0.06  0.05 -0.27 -0.24 -0.30 -0.45 -0.83 -0.39 -0.87 -0.88 -0.85 -1.51 -1.94 -1.31  0.18 -0.11 -0.01
 1995 11 -0.20 -0.09 -0.24  0.04  0.10 -0.00 -0.43 -0.52 -0.41 -0.10 -0.08 -0.11  0.11  0.15  0.08 -0.61 -0.86 -0.57  0.24  0.40  0.04 -2.18 -1.95 -2.29 -0.38 -0.18  0.09
 1995 12 -0.42 -0.75 -0.30 -0.55 -0.78 -0.40 -0.30 -0.67 -0.22 -0.32 -0.34 -0.31 -0.66 -0.88 -0.47 -0.30 -0.98 -0.17 -1.33 -1.34 -1.32 -1.03 -2.26 -0.45 -0.73 -1.07  0.17
 1996  1 -0.42 -0.70 -0.32 -0.47 -0.81 -0.25 -0.38 -0.44 -0.37 -0.37 -0.36 -0.38 -0.53 -0.93 -0.18 -0.37 -0.51 -0.35 -2.47 -2.37 -2.58 -0.55 -0.85 -0.41 -0.25 -0.53 -0.43
 1996  2 -0.34 -0.26 -0.38 -0.39 -0.25 -0.47 -0.30 -0.26 -0.30 -0.19 -0.16 -0.20 -0.49 -0.28 -0.68 -0.35 -0.34 -0.35 -3.29 -2.52 -4.17 -0.43 -0.38 -0.46  0.72  0.78 -0.46
 1996  3 -0.14 -0.07 -0.16 -0.08 -0.01 -0.12 -0.20 -0.20 -0.20 -0.22 -0.21 -0.22 -0.00  0.05 -0.05 -0.19 -0.20 -0.18 -0.90 -0.50 -1.37 -0.07 -0.15 -0.03  0.28  0.39 -0.19
 1996  4 -0.17 -0.17 -0.17 -0.20 -0.23 -0.18 -0.14 -0.04 -0.16 -0.30 -0.26 -0.31 -0.14 -0.23 -0.07 -0.06  0.13 -0.10  0.86  0.71  1.04  0.10  0.40 -0.05 -0.46 -0.24  0.10
 1996  5 -0.27 -0.36 -0.24 -0.35 -0.34 -0.35 -0.20 -0.40 -0.16 -0.33 -0.28 -0.34 -0.36 -0.36 -0.36 -0.13 -0.49 -0.07 -0.09 -0.15 -0.02 -0.37 -0.86 -0.15 -0.37 -0.46 -0.25
 1996  6 -0.26 -0.26 -0.27 -0.38 -0.30 -0.44 -0.14 -0.17 -0.14 -0.35 -0.28 -0.37 -0.41 -0.31 -0.49 -0.03 -0.06 -0.03 -0.29 -0.36 -0.21  0.04  0.35 -0.11 -0.39 -0.36 -0.30
 1996  7 -0.23 -0.35 -0.19 -0.46 -0.40 -0.51 -0.00 -0.24  0.05 -0.51 -0.53 -0.50 -0.45 -0.37 -0.53  0.28  0.01  0.33 -0.50 -0.49 -0.50  0.43  0.39  0.45 -0.36 -0.41 -0.10
 1996  8 -0.16 -0.29 -0.11 -0.51 -0.42 -0.56  0.18 -0.00  0.22 -0.65 -0.62 -0.66 -0.43 -0.37 -0.49  0.61  0.47  0.64 -0.43 -0.34 -0.54  1.41  1.41  1.42 -0.55 -0.48 -0.22
 1996  9 -0.08 -0.15 -0.06 -0.34 -0.30 -0.36  0.17  0.19  0.16 -0.31 -0.33 -0.30 -0.36 -0.30 -0.41  0.42  0.61  0.39 -0.35 -0.18 -0.56  1.18  1.48  1.04 -0.37 -0.33  0.09
 1996 10 -0.11 -0.18 -0.09 -0.10 -0.11 -0.10 -0.13 -0.35 -0.08 -0.08 -0.07 -0.08 -0.11 -0.11 -0.10 -0.16 -0.57 -0.08 -0.31 -0.46 -0.15 -0.56 -1.58 -0.08  0.21  0.13  0.12
 1996 11 -0.05 -0.00 -0.07  0.17  0.32  0.07 -0.27 -0.74 -0.17 -0.11 -0.13 -0.10  0.32  0.44  0.20 -0.35 -1.20 -0.20  1.73  1.65  1.81 -2.12 -2.96 -1.72 -0.16  0.27  0.10
 1996 12 -0.10  0.04 -0.15  0.16  0.16  0.15 -0.35 -0.24 -0.37 -0.32 -0.37 -0.31  0.42  0.31  0.51 -0.37 -0.19 -0.41  2.70  2.27  3.18 -1.02 -0.41 -1.31 -0.28 -0.17  0.16
 1997  1 -0.08 -0.01 -0.11 -0.09 -0.04 -0.13 -0.07  0.04 -0.09 -0.33 -0.32 -0.33  0.03  0.04  0.03  0.07  0.32  0.02 -0.17  0.06 -0.44  0.57  0.89  0.42 -0.57 -0.67 -0.28
 1997  2 -0.11 -0.15 -0.09 -0.27 -0.24 -0.29  0.06  0.05  0.06 -0.08 -0.18 -0.05 -0.38 -0.25 -0.50  0.15  0.20  0.14 -3.39 -2.68 -4.20  0.04  0.08  0.02  0.24  0.05  0.75
 1997  3 -0.10 -0.29 -0.03 -0.40 -0.53 -0.32  0.20  0.25  0.19 -0.02 -0.01 -0.02 -0.63 -0.67 -0.59  0.34  0.45  0.32 -4.90 -4.41 -5.47  1.00  0.90  1.05  0.65  0.03  0.14
 1997  4 -0.32 -0.46 -0.26 -0.47 -0.57 -0.40 -0.16 -0.22 -0.15 -0.37 -0.41 -0.36 -0.55 -0.62 -0.48 -0.02 -0.06 -0.02 -4.18 -3.64 -4.79  0.74  0.63  0.80  0.92  0.44 -0.86
 1997  5 -0.21 -0.36 -0.16 -0.33 -0.45 -0.25 -0.10 -0.15 -0.09 -0.34 -0.48 -0.30 -0.32 -0.43 -0.22  0.03  0.09  0.02 -0.18 -0.25 -0.11  0.70  0.50  0.80 -0.38 -0.15 -0.03
 1997  6 -0.20 -0.27 -0.17 -0.30 -0.37 -0.26 -0.09 -0.05 -0.10 -0.23 -0.25 -0.23 -0.35 -0.39 -0.31 -0.02  0.08 -0.03  0.22  0.22  0.23  0.77  0.72  0.79 -0.38 -0.35 -0.67
 1997  7  0.00  0.00  0.00  0.01 -0.04  0.04 -0.00  0.11 -0.03  0.29  0.24  0.30 -0.14 -0.12 -0.16 -0.15  0.02 -0.18 -0.12 -0.01 -0.25  0.05  0.11  0.02 -0.28 -0.26 -0.01
 1997  8  0.05 -0.05  0.09 -0.03 -0.11  0.03  0.12  0.08  0.13  0.15  0.10  0.16 -0.12 -0.16 -0.08  0.11  0.05  0.12 -0.09 -0.16 -0.00  0.63  0.41  0.73 -0.32 -0.28  0.02
 1997  9 -0.06 -0.15 -0.03 -0.04 -0.19  0.06 -0.09 -0.05 -0.09  0.13  0.09  0.14 -0.12 -0.25 -0.01 -0.21 -0.21 -0.21  0.02 -0.07  0.12 -0.26 -0.42 -0.19  0.27  0.25 -0.48
 1997 10 -0.09 -0.08 -0.10  0.09  0.04  0.13 -0.28 -0.35 -0.26  0.22  0.21  0.23  0.04  0.02  0.06 -0.56 -0.85 -0.51  0.35  0.45  0.22 -1.82 -1.89 -1.78  0.03  0.02 -0.27
 1997 11 -0.06 -0.12 -0.04 -0.02 -0.14  0.06 -0.10 -0.08 -0.11  0.12  0.15  0.11 -0.08 -0.21  0.03 -0.23 -0.27 -0.22 -0.26 -0.11 -0.43 -0.82 -0.22 -1.11  0.07  0.05 -0.53
 1997 12  0.05  0.17 -0.00  0.24  0.23  0.25 -0.15  0.02 -0.18  0.27  0.22  0.29  0.22  0.24  0.21 -0.37 -0.14 -0.41  1.48  1.70  1.22 -0.51  0.06 -0.78  0.05  0.55 -0.37
 1998  1  0.35  0.30  0.37  0.38  0.26  0.46  0.32  0.37  0.31  0.73  0.71  0.73  0.21  0.15  0.25  0.10  0.09  0.10  1.98  1.76  2.23 -0.16 -0.19 -0.14 -0.38 -0.16  0.27
 1998  2  0.46  0.41  0.48  0.45  0.37  0.50  0.48  0.50  0.47  1.01  1.04  1.01  0.14  0.20  0.09  0.20  0.07  0.22 -0.26  0.12 -0.68  0.07  0.00  0.10  0.50  0.32 -0.23
 1998  3  0.39  0.29  0.42  0.48  0.28  0.60  0.30  0.32  0.29  0.97  0.95  0.98  0.20  0.11  0.29 -0.05 -0.14 -0.03 -0.06  0.14 -0.28 -0.39 -0.44 -0.37  0.24  0.38 -0.09
 1998  4  0.53  0.56  0.51  0.65  0.57  0.70  0.41  0.56  0.38  1.01  1.04  1.00  0.45  0.44  0.47  0.09  0.20  0.07  1.05  0.60  1.57 -0.26 -0.27 -0.25  0.77  0.57  0.42
 1998  5  0.43  0.46  0.41  0.45  0.44  0.46  0.41  0.52  0.38  0.76  0.79  0.76  0.29  0.34  0.25  0.21  0.34  0.19  0.26  0.26  0.25 -0.15  0.16 -0.29  0.57  0.61  0.50
 1998  6  0.39  0.52  0.34  0.39  0.50  0.32  0.39  0.57  0.35  0.27  0.29  0.27  0.44  0.55  0.35  0.46  0.81  0.40  0.32  0.36  0.28  0.69  1.52  0.31  0.79  0.76  0.58
 1998  7  0.26  0.40  0.21  0.36  0.49  0.28  0.16  0.20  0.15  0.15  0.19  0.13  0.47  0.56  0.40  0.17  0.24  0.16  0.20  0.32  0.06 -0.18 -0.02 -0.26  0.57  0.54  0.51
 1998  8  0.22  0.41  0.14  0.38  0.47  0.32  0.05  0.26  0.01  0.29  0.36  0.27  0.43  0.51  0.37 -0.08  0.18 -0.13  0.55  0.58  0.52 -0.60 -0.21 -0.79  0.57  0.58  0.35
 1998  9  0.23  0.42  0.16  0.52  0.58  0.49 -0.06  0.04 -0.08  0.39  0.42  0.38  0.59  0.62  0.57 -0.29 -0.23 -0.30  0.49  0.60  0.36 -1.31 -1.10 -1.41  1.04  1.00  0.53
 1998 10  0.14  0.28  0.09  0.38  0.46  0.33 -0.10 -0.14 -0.09  0.49  0.51  0.48  0.32  0.44  0.21 -0.40 -0.61 -0.37  0.21  0.29  0.13 -2.53 -2.27 -2.65  0.30  0.27  0.84
 1998 11 -0.09 -0.08 -0.10  0.08  0.17  0.01 -0.26 -0.65 -0.18  0.17  0.22  0.16  0.03  0.16 -0.09 -0.49 -1.29 -0.34 -0.15  0.01 -0.33 -2.93 -3.96 -2.45 -0.18 -0.21  0.76
 1998 12 -0.02 -0.01 -0.03  0.26  0.30  0.23 -0.30 -0.73 -0.21 -0.07 -0.01 -0.08  0.44  0.39  0.49 -0.44 -1.27 -0.29  2.32  1.78  2.94 -2.55 -3.59 -2.06 -0.06  0.09  0.61
 1999  1 -0.12  0.03 -0.18  0.01  0.16 -0.09 -0.25 -0.27 -0.25 -0.07 -0.03 -0.08  0.05  0.21 -0.10 -0.34 -0.44 -0.33  1.09  0.85  1.38 -1.09 -1.39 -0.95 -0.38 -0.55  0.59
 1999  2 -0.16 -0.15 -0.16 -0.21 -0.13 -0.26 -0.10 -0.18 -0.08 -0.23 -0.16 -0.24 -0.19 -0.12 -0.25 -0.05 -0.20 -0.02 -0.46 -0.61 -0.29 -0.34 -0.55 -0.24  0.69  0.40  0.22
 1999  3 -0.19  0.10 -0.30 -0.00  0.27 -0.18 -0.37 -0.29 -0.39 -0.41 -0.34 -0.43  0.22  0.43  0.04 -0.37 -0.24 -0.39  3.19  2.69  3.76 -0.23 -0.19 -0.24 -0.40 -0.09 -0.42
 1999  4 -0.06  0.11 -0.13  0.05  0.28 -0.09 -0.17 -0.28 -0.15 -0.30 -0.29 -0.30  0.23  0.42  0.06 -0.10 -0.24 -0.08  1.19  1.26  1.10  0.13 -0.26  0.31  0.27  0.24 -0.07
 1999  5 -0.17 -0.05 -0.22 -0.14  0.05 -0.26 -0.21 -0.28 -0.20 -0.43 -0.39 -0.44  0.01  0.16 -0.11 -0.10 -0.16 -0.08  0.18  0.37 -0.04  0.69  0.17  0.94  0.28  0.32 -0.49
 1999  6 -0.28 -0.17 -0.33 -0.13 -0.14 -0.12 -0.44 -0.23 -0.48 -0.27 -0.21 -0.28 -0.07 -0.13 -0.01 -0.52 -0.22 -0.57 -0.05 -0.08 -0.01 -0.12  0.15 -0.26 -0.03 -0.01 -0.28
 1999  7 -0.25 -0.08 -0.32 -0.06 -0.04 -0.07 -0.44 -0.16 -0.50 -0.14 -0.09 -0.15 -0.03 -0.02 -0.03 -0.59 -0.22 -0.65  0.16  0.17  0.14 -0.44 -0.35 -0.48  0.05  0.03 -0.02
 1999  8 -0.25 -0.05 -0.33 -0.04  0.01 -0.07 -0.47 -0.20 -0.52 -0.15 -0.11 -0.16  0.01  0.04 -0.02 -0.62 -0.24 -0.69  0.08  0.28 -0.14 -0.57 -0.23 -0.73  0.10  0.15 -0.27
 1999  9 -0.28 -0.11 -0.34 -0.07 -0.04 -0.09 -0.48 -0.29 -0.53 -0.20 -0.12 -0.22 -0.02 -0.03 -0.01 -0.62 -0.37 -0.67  0.12 -0.03  0.30 -0.84 -0.41 -1.04 -0.01 -0.01 -0.56
 1999 10 -0.34 -0.25 -0.38 -0.20 -0.13 -0.24 -0.49 -0.51 -0.49 -0.17 -0.15 -0.17 -0.22 -0.14 -0.29 -0.65 -0.75 -0.64  0.06 -0.00  0.14 -1.86 -1.54 -2.01 -0.45 -0.48 -0.13
 1999 11 -0.38 -0.42 -0.36 -0.12 -0.11 -0.12 -0.64 -1.14 -0.54 -0.23 -0.18 -0.24 -0.07 -0.09 -0.04 -0.85 -1.85 -0.68 -0.02  0.01 -0.05 -3.09 -4.28 -2.53 -0.18 -0.11 -0.04
 1999 12 -0.29 -0.26 -0.31 -0.12  0.09 -0.25 -0.47 -1.04 -0.35 -0.26 -0.18 -0.29 -0.05  0.15 -0.23 -0.57 -1.69 -0.38 -0.63 -0.38 -0.92 -2.36 -4.21 -1.48  0.35  0.37  0.18
 2000  1 -0.43 -0.40 -0.44 -0.47 -0.34 -0.55 -0.39 -0.53 -0.36 -0.19 -0.13 -0.20 -0.63 -0.41 -0.82 -0.49 -0.81 -0.43 -2.99 -2.53 -3.52 -1.23 -1.79 -0.96 -0.29 -0.78 -0.30
 2000  2 -0.40 -0.26 -0.45 -0.47 -0.30 -0.58 -0.32 -0.17 -0.35 -0.31 -0.26 -0.33 -0.54 -0.31 -0.75 -0.34 -0.12 -0.38 -3.26 -2.57 -4.05 -0.31 -0.33 -0.31 -0.21 -0.32  0.35
 2000  3 -0.24 -0.16 -0.27 -0.19 -0.09 -0.25 -0.29 -0.31 -0.29 -0.34 -0.30 -0.35 -0.10 -0.04 -0.16 -0.27 -0.31 -0.27 -0.35 -0.17 -0.55 -0.64 -0.72 -0.60  0.27  0.19  0.16
 2000  4 -0.28 -0.16 -0.32 -0.20 -0.11 -0.27 -0.35 -0.28 -0.37 -0.33 -0.29 -0.35 -0.12 -0.06 -0.18 -0.38 -0.28 -0.39  0.16  0.19  0.12 -0.50 -0.63 -0.43 -0.30 -0.20  0.27
 2000  5 -0.20 -0.21 -0.19 -0.21 -0.23 -0.20 -0.18 -0.17 -0.18 -0.15 -0.10 -0.17 -0.25 -0.27 -0.24 -0.19 -0.22 -0.18 -0.61 -0.79 -0.40 -0.63 -0.82 -0.53 -0.08 -0.25  0.42
 2000  6 -0.25 -0.16 -0.29 -0.23 -0.19 -0.25 -0.27 -0.09 -0.31 -0.23 -0.19 -0.25 -0.22 -0.19 -0.25 -0.30 -0.02 -0.35 -0.55 -0.61 -0.48 -0.20  0.24 -0.41 -0.30 -0.36 -0.44
 2000  7 -0.38 -0.25 -0.43 -0.34 -0.28 -0.37 -0.41 -0.16 -0.47 -0.30 -0.28 -0.31 -0.35 -0.29 -0.41 -0.47 -0.06 -0.55 -0.53 -0.44 -0.62 -0.28  0.29 -0.55 -0.41 -0.37 -0.05
 2000  8 -0.46 -0.30 -0.53 -0.39 -0.29 -0.46 -0.53 -0.33 -0.58 -0.37 -0.38 -0.36 -0.40 -0.26 -0.53 -0.63 -0.30 -0.68 -0.37 -0.21 -0.55 -0.49 -0.15 -0.66 -0.49 -0.46 -0.30
 2000  9 -0.35 -0.32 -0.37 -0.36 -0.31 -0.39 -0.35 -0.33 -0.36 -0.46 -0.41 -0.47 -0.31 -0.29 -0.33 -0.29 -0.25 -0.29 -0.40 -0.36 -0.44 -0.51  0.14 -0.82 -0.29 -0.30 -0.62
 2000 10 -0.29 -0.34 -0.27 -0.53 -0.53 -0.53 -0.05  0.11 -0.08 -0.49 -0.54 -0.48 -0.55 -0.54 -0.57  0.19  0.60  0.11 -0.52 -0.60 -0.43  1.49  1.97  1.27 -0.71 -0.69  0.02
 2000 11 -0.17 -0.13 -0.19 -0.35 -0.34 -0.35  0.00  0.34 -0.06 -0.55 -0.57 -0.55 -0.24 -0.27 -0.22  0.30  0.99  0.18  0.86  0.56  1.19  2.87  2.79  2.91 -0.28 -0.04 -0.15
 2000 12 -0.08  0.06 -0.13 -0.11 -0.10 -0.12 -0.04  0.43 -0.14 -0.43 -0.45 -0.43  0.06  0.01  0.11  0.16  1.04  0.00  1.71  1.40  2.06  1.40  2.79  0.74 -1.14 -1.11  0.13
 2001  1 -0.31 -0.30 -0.32 -0.41 -0.31 -0.47 -0.22 -0.27 -0.21 -0.51 -0.48 -0.52 -0.35 -0.27 -0.42 -0.06 -0.08 -0.06 -0.31 -0.28 -0.35  0.01  0.30 -0.12  0.01  0.02 -0.39
 2001  2 -0.06 -0.02 -0.08 -0.03  0.03 -0.06 -0.10 -0.12 -0.10 -0.40 -0.42 -0.40  0.20  0.17  0.23  0.03  0.05  0.03  3.46  2.56  4.50 -0.18 -0.18 -0.19 -0.06  0.23  0.56
 2001  3 -0.18 -0.09 -0.22 -0.14 -0.03 -0.20 -0.23 -0.22 -0.23 -0.48 -0.46 -0.49  0.06  0.08  0.03 -0.10 -0.04 -0.11  2.13  1.82  2.48 -0.22 -0.12 -0.27 -0.84 -0.97  0.13
 2001  4 -0.02 -0.03 -0.02 -0.05  0.02 -0.09  0.01 -0.12  0.04 -0.15 -0.17 -0.14  0.01  0.06 -0.04  0.08 -0.08  0.11 -0.15 -0.10 -0.22 -0.20 -0.36 -0.13  0.09  0.04  0.13
 2001  5  0.04  0.14 -0.00  0.03  0.14 -0.04  0.04  0.13  0.02 -0.10 -0.05 -0.11  0.09  0.19  0.00  0.12  0.28  0.10 -0.22  0.03 -0.52  0.05  0.53 -0.17 -0.03 -0.00  0.10
 2001  6 -0.12 -0.08 -0.13 -0.20 -0.10 -0.26 -0.03 -0.04 -0.03 -0.35 -0.36 -0.35 -0.13 -0.05 -0.20  0.14  0.23  0.12 -0.39 -0.35 -0.44  0.51  0.78  0.38 -0.37 -0.41 -0.10
 2001  7 -0.10 -0.04 -0.12 -0.05 -0.02 -0.06 -0.15 -0.08 -0.16 -0.19 -0.20 -0.19  0.02  0.02  0.01 -0.12  0.04 -0.14 -0.03 -0.05 -0.00  0.05  0.24 -0.04  0.11  0.13 -0.16
 2001  8  0.06  0.14  0.03  0.23  0.17  0.26 -0.11  0.07 -0.14  0.18  0.10  0.20  0.25  0.19  0.30 -0.26  0.04 -0.31  0.40  0.34  0.46 -0.28 -0.36 -0.25  0.14  0.17  0.58
 2001  9 -0.16 -0.11 -0.18 -0.05 -0.05 -0.05 -0.27 -0.25 -0.28 -0.11 -0.11 -0.11 -0.01 -0.03  0.02 -0.37 -0.37 -0.37  0.09  0.06  0.12 -1.11 -1.12 -1.10 -0.14 -0.04 -0.19
 2001 10 -0.03 -0.03 -0.03  0.05  0.06  0.04 -0.12 -0.25 -0.09  0.14  0.10  0.16  0.00  0.05 -0.04 -0.26 -0.50 -0.22 -0.42 -0.42 -0.41 -1.51 -1.79 -1.38 -0.14 -0.20  0.62
 2001 11  0.02 -0.15  0.09  0.15  0.09  0.19 -0.11 -0.69  0.01  0.23  0.22  0.23  0.11  0.06  0.16 -0.29 -1.39 -0.10 -0.22 -0.15 -0.31 -2.65 -4.40 -1.83  0.21  0.17  0.69
 2001 12  0.02  0.01  0.02  0.30  0.28  0.31 -0.26 -0.60 -0.20  0.06  0.07  0.05  0.42  0.35  0.48 -0.43 -1.14 -0.30  1.32  1.25  1.40 -2.60 -3.17 -2.33  0.75  1.00  0.31
 2002  1  0.04  0.32 -0.07  0.31  0.52  0.17 -0.23 -0.15 -0.25 -0.09 -0.10 -0.08  0.51  0.69  0.35 -0.30 -0.19 -0.32  2.62  2.43  2.84 -0.35 -0.14 -0.45 -0.03  0.22 -0.28
 2002  2  0.07 -0.01  0.09  0.05 -0.07  0.13  0.08  0.14  0.07  0.10  0.12  0.09  0.03 -0.12  0.16  0.07  0.15  0.06  0.43  0.06  0.85  0.21  0.17  0.24  0.24  0.09  0.30
 2002  3  0.02  0.06  0.01  0.07  0.12  0.03 -0.02 -0.08 -0.01  0.05  0.02  0.06  0.08  0.15  0.02 -0.06 -0.14 -0.04  0.91  0.72  1.14 -0.44 -0.13 -0.59 -0.57 -0.64 -0.37
 2002  4  0.08  0.20  0.03  0.09  0.24 -0.01  0.07  0.11  0.06  0.05  0.11  0.04  0.10  0.27 -0.05  0.09  0.14  0.08 -0.17 -0.19 -0.15  0.35  0.33  0.36 -0.13 -0.28 -0.15
 2002  5  0.12  0.10  0.13  0.07  0.01  0.11  0.17  0.31  0.15  0.13  0.07  0.15  0.03 -0.01  0.06  0.21  0.49  0.16 -0.29 -0.34 -0.24  0.55  1.43  0.13 -0.05 -0.11 -0.21
 2002  6  0.07 -0.04  0.12 -0.08 -0.16 -0.03  0.23  0.21  0.23 -0.06 -0.09 -0.05 -0.10 -0.18 -0.03  0.39  0.45  0.38 -0.21 -0.31 -0.10  0.89  1.30  0.70 -0.20 -0.18 -0.11
 2002  7  0.18 -0.03  0.26 -0.03 -0.10  0.01  0.40  0.14  0.45 -0.03 -0.12 -0.01 -0.04 -0.11  0.01  0.63  0.35  0.68  0.23  0.13  0.34  1.27  1.03  1.39 -0.20 -0.20 -0.05
 2002  8  0.17 -0.13  0.29 -0.27 -0.30 -0.25  0.61  0.25  0.68 -0.20 -0.26 -0.18 -0.30 -0.30 -0.29  1.02  0.63  1.09 -0.14 -0.13 -0.16  2.33  1.71  2.62 -0.41 -0.38  0.01
 2002  9  0.16  0.09  0.18 -0.28 -0.27 -0.28  0.60  0.92  0.53 -0.40 -0.45 -0.39 -0.22 -0.23 -0.21  1.13  1.95  0.98  0.18  0.21  0.15  5.24  5.62  5.05 -0.09 -0.01 -0.48
 2002 10  0.10  0.13  0.09 -0.30 -0.31 -0.29  0.49  1.10  0.36 -0.37 -0.43 -0.35 -0.27 -0.27 -0.26  0.95  2.25  0.72  0.01  0.05 -0.04  5.19  6.48  4.58 -0.61 -0.48 -0.94
 2002 11  0.19  0.40  0.11  0.07 -0.05  0.14  0.32  1.43  0.09 -0.04 -0.12 -0.02  0.11 -0.03  0.25  0.52  2.62  0.15 -0.26 -0.14 -0.41  4.99  7.26  3.91 -0.20 -0.07 -0.66
 2002 12  0.16  0.28  0.11  0.16  0.17  0.16  0.15  0.53  0.08  0.05 -0.02  0.07  0.21  0.21  0.20  0.23  0.97  0.09  0.10  0.42 -0.27  2.09  3.06  1.62 -0.26  0.06 -0.80
 2003  1  0.18  0.31  0.13  0.36  0.43  0.31  0.00  0.04 -0.00  0.11  0.09  0.11  0.48  0.52  0.44 -0.04 -0.02 -0.05  1.38  1.51  1.23  0.00  0.25 -0.12 -0.69 -0.26 -0.28
 2003  2  0.16  0.19  0.16  0.19  0.24  0.15  0.14  0.06  0.16  0.14  0.06  0.16  0.21  0.29  0.15  0.15  0.09  0.16  0.53  0.51  0.55  0.05 -0.03  0.08  0.05  0.23 -0.01
 2003  3  0.07  0.05  0.07  0.07  0.03  0.09  0.06  0.10  0.06  0.01 -0.02  0.02  0.09  0.03  0.15  0.10  0.21  0.08  0.77  0.64  0.93  0.25  0.52  0.13  0.16  0.43 -0.07
 2003  4  0.06  0.04  0.06  0.10  0.08  0.10  0.02 -0.06  0.04 -0.02 -0.04 -0.01  0.15  0.12  0.19  0.04 -0.07  0.06  0.52  0.50  0.54  0.03 -0.12  0.10 -0.10  0.15 -0.13
 2003  5  0.09  0.03  0.12  0.13  0.08  0.16  0.06 -0.08  0.09  0.08  0.03  0.09  0.15  0.10  0.21  0.05 -0.16  0.09  0.57  0.47  0.68 -0.51 -0.98 -0.29  0.22  0.21  0.65
 2003  6 -0.06 -0.05 -0.07  0.03  0.02  0.04 -0.16 -0.22 -0.15 -0.10 -0.09 -0.10  0.11  0.05  0.16 -0.20 -0.32 -0.18  0.19  0.20  0.18 -0.85 -0.83 -0.85  0.04  0.06  0.00
 2003  7 -0.09 -0.15 -0.07 -0.05 -0.10 -0.03 -0.13 -0.26 -0.10 -0.02 -0.05 -0.01 -0.07 -0.12 -0.04 -0.19 -0.40 -0.15 -0.02 -0.20  0.19 -0.31 -0.72 -0.12 -0.03  0.01 -0.04
 2003  8 -0.09 -0.04 -0.11  0.04  0.03  0.05 -0.22 -0.20 -0.23  0.04  0.02  0.04  0.04  0.03  0.06 -0.36 -0.34 -0.37  0.07 -0.00  0.16 -0.34 -0.55 -0.24  0.08  0.06 -0.19
 2003  9 -0.11 -0.05 -0.13  0.02  0.03  0.02 -0.24 -0.24 -0.25 -0.06 -0.08 -0.05  0.06  0.05  0.07 -0.33 -0.34 -0.33  0.00 -0.06  0.07 -0.74 -0.74 -0.74  0.03 -0.01  0.33
 2003 10  0.06  0.02  0.07  0.10  0.11  0.09  0.02 -0.20  0.06 -0.05 -0.06 -0.05  0.18  0.16  0.20  0.06 -0.29  0.12  0.89  0.72  1.08  0.27 -0.50  0.63 -0.13 -0.03 -0.03
 2003 11  0.06  0.03  0.07 -0.09 -0.10 -0.08  0.20  0.33  0.17 -0.06 -0.10 -0.04 -0.11 -0.10 -0.12  0.34  0.65  0.28 -0.48 -0.53 -0.42  1.85  1.85  1.85  0.45  0.28 -0.14
 2003 12  0.14  0.34  0.06  0.29  0.39  0.22 -0.01  0.24 -0.07 -0.01 -0.03 -0.01  0.45  0.50  0.40 -0.01  0.43 -0.09  1.30  1.31  1.28  0.59  1.10  0.35  0.52  0.63  0.12
 2004  1  0.08  0.07  0.09  0.20  0.12  0.25 -0.03 -0.04 -0.03 -0.11 -0.06 -0.12  0.36  0.17  0.53 -0.00 -0.03  0.00  3.65  2.84  4.58  0.24  0.15  0.28 -0.53 -0.31 -0.33
 2004  2 -0.03 -0.08 -0.01  0.01 -0.06  0.06 -0.08 -0.12 -0.07 -0.04 -0.06 -0.04  0.04 -0.06  0.12 -0.09 -0.18 -0.07  2.43  1.84  3.12 -0.46 -0.44 -0.47 -1.12 -1.06  0.39
 2004  3  0.19  0.29  0.15  0.19  0.32  0.10  0.20  0.21  0.19  0.13  0.14  0.13  0.21  0.37  0.07  0.23  0.25  0.23  0.55  0.76  0.32 -0.06 -0.02 -0.08 -0.08 -0.14  0.55
 2004  4  0.15  0.14  0.16  0.06  0.11  0.03  0.24  0.22  0.25  0.06  0.05  0.07  0.05  0.12 -0.01  0.35  0.36  0.35 -1.04 -0.64 -1.50  0.59  0.74  0.52 -0.07 -0.09 -0.09
 2004  5  0.17  0.33  0.11  0.26  0.41  0.17  0.08  0.16  0.07  0.01 -0.00  0.01  0.39  0.51  0.28  0.14  0.31  0.10  0.59  0.56  0.62  1.02  1.00  1.03  0.08  0.06  0.01
 2004  6 -0.01 -0.03 -0.00  0.02  0.02  0.02 -0.04 -0.13 -0.02 -0.15 -0.23 -0.12  0.09  0.08  0.10  0.03 -0.04  0.04  0.23  0.30  0.15  0.41  0.08  0.57 -0.02 -0.00  0.00
 2004  7 -0.21 -0.30 -0.17 -0.20 -0.26 -0.16 -0.21 -0.40 -0.17 -0.27 -0.30 -0.26 -0.16 -0.25 -0.09 -0.18 -0.48 -0.12  0.19  0.16  0.23  0.06 -0.59  0.37 -0.20 -0.15 -0.57
 2004  8 -0.12 -0.19 -0.09 -0.11 -0.20 -0.05 -0.13 -0.17 -0.12 -0.07 -0.12 -0.06 -0.15 -0.22 -0.08 -0.14 -0.20 -0.12  0.03  0.06 -0.00 -0.11 -0.18 -0.07 -0.45 -0.47  0.06
 2004  9 -0.14 -0.17 -0.13 -0.16 -0.10 -0.19 -0.12 -0.34 -0.08 -0.23 -0.25 -0.22 -0.13 -0.06 -0.18 -0.06 -0.39 -0.00  0.00  0.07 -0.08  0.34 -0.18  0.59  0.09  0.02 -0.63
 2004 10 -0.04 -0.01 -0.04 -0.09 -0.09 -0.09  0.02  0.16 -0.01 -0.16 -0.18 -0.16 -0.06 -0.07 -0.05  0.12  0.43  0.07  0.28  0.40  0.14  1.76  1.75  1.77 -0.12  0.10 -0.60
 2004 11 -0.11  0.07 -0.18  0.01  0.12 -0.06 -0.23 -0.04 -0.27 -0.01 -0.06  0.00  0.02  0.16 -0.11 -0.34 -0.01 -0.40  0.83  0.92  0.73  0.26  0.58  0.11 -0.37 -0.37 -0.49
 2004 12 -0.10 -0.13 -0.08 -0.14 -0.28 -0.05 -0.05  0.22 -0.11  0.09  0.07  0.09 -0.27 -0.38 -0.17 -0.12  0.35 -0.20 -1.47 -1.46 -1.49  0.37  1.33 -0.09 -0.34 -0.66 -0.42
 2005  1  0.00 -0.04  0.02 -0.10 -0.17 -0.05  0.10  0.26  0.07  0.25  0.23  0.26 -0.29 -0.28 -0.31  0.03  0.26 -0.01 -2.69 -2.14 -3.32  0.33  0.44  0.28 -0.50 -1.09  0.08
 2005  2  0.08 -0.12  0.15  0.01 -0.23  0.17  0.14  0.13  0.14  0.39  0.35  0.41 -0.21 -0.40 -0.04  0.03 -0.00  0.03 -2.76 -2.24 -3.36  0.31  0.30  0.31 -0.04 -0.00 -0.46
 2005  3  0.06  0.27 -0.03  0.29  0.44  0.19 -0.17 -0.10 -0.18  0.09  0.10  0.08  0.39  0.53  0.27 -0.31 -0.24 -0.32  1.32  1.51  1.11 -0.22 -0.12 -0.27  0.28  0.74 -0.54
 2005  4  0.18  0.19  0.18  0.30  0.26  0.32  0.06  0.03  0.07  0.19  0.17  0.19  0.35  0.29  0.40  0.01 -0.09  0.02  1.42  1.30  1.56 -0.09 -0.41  0.06  0.22  0.24  0.20
 2005  5 -0.08 -0.25 -0.02 -0.22 -0.33 -0.15  0.05 -0.08  0.08 -0.17 -0.20 -0.16 -0.25 -0.35 -0.16  0.17 -0.02  0.20 -0.06 -0.15  0.04  0.01  0.15 -0.06 -0.39 -0.41 -0.38
 2005  6 -0.03 -0.09 -0.01 -0.10 -0.12 -0.09  0.04 -0.04  0.06 -0.10 -0.10 -0.09 -0.11 -0.12 -0.09  0.11  0.01  0.13 -0.23 -0.11 -0.38  0.19  0.10  0.23  0.18  0.08  0.10
 2005  7 -0.00 -0.10  0.04 -0.09 -0.11 -0.07  0.09 -0.06  0.12 -0.12 -0.15 -0.11 -0.06 -0.09 -0.04  0.19 -0.03  0.22 -0.23 -0.21 -0.24  0.05 -0.11  0.12  0.09  0.00  0.18
 2005  8 -0.07 -0.10 -0.06 -0.12 -0.08 -0.15 -0.02 -0.16  0.01 -0.21 -0.20 -0.21 -0.07 -0.04 -0.08  0.07 -0.13  0.11 -0.06 -0.07 -0.06 -0.25 -0.30 -0.23  0.06 -0.01 -0.13
 2005  9  0.07  0.04  0.08 -0.06 -0.04 -0.07  0.19  0.22  0.18 -0.06 -0.04 -0.06 -0.07 -0.05 -0.09  0.33  0.45  0.31 -0.59 -0.65 -0.51  0.57  0.87  0.43  0.15  0.04  0.14
 2005 10  0.03  0.05  0.02 -0.04 -0.04 -0.03  0.09  0.26  0.06 -0.21 -0.19 -0.22  0.05 -0.00  0.09  0.26  0.62  0.20 -0.27 -0.30 -0.23  1.02  1.39  0.85  0.48  0.42  0.11
 2005 11  0.05  0.07  0.04 -0.06 -0.01 -0.09  0.16  0.27  0.14 -0.23 -0.24 -0.22  0.02  0.05  0.00  0.37  0.65  0.32  0.58  0.51  0.67  1.94  1.75  2.02  0.04  0.28 -0.15
 2005 12 -0.08 -0.04 -0.10 -0.10 -0.05 -0.13 -0.07 -0.01 -0.09 -0.30 -0.31 -0.30  0.01  0.02  0.01  0.05  0.22  0.01  0.64  0.59  0.70  0.36  0.97  0.07 -0.46 -0.27 -0.21
 2006  1 -0.08  0.05 -0.13 -0.04  0.11 -0.14 -0.12 -0.09 -0.12 -0.35 -0.31 -0.37  0.13  0.22  0.05 -0.00  0.09 -0.02  2.51  2.03  3.05  0.02  0.17 -0.05  0.18  0.44  0.25
 2006  2 -0.09 -0.06 -0.10 -0.07  0.02 -0.13 -0.11 -0.23 -0.08 -0.13 -0.10 -0.14 -0.03  0.05 -0.09 -0.10 -0.33 -0.06  2.84  2.03  3.77 -0.57 -0.59 -0.56 -0.95 -1.14 -0.34
 2006  3 -0.00  0.01 -0.01 -0.08 -0.04 -0.10  0.07  0.13  0.05 -0.16 -0.13 -0.17 -0.03 -0.01 -0.04  0.19  0.31  0.16  0.70  0.83  0.55  0.29  0.27  0.30 -0.61 -0.48  0.40
 2006  4 -0.10  0.06 -0.17 -0.11  0.08 -0.24 -0.09  0.01 -0.11 -0.15 -0.15 -0.16 -0.10  0.14 -0.31 -0.05  0.13 -0.09 -0.72 -0.21 -1.30 -0.36 -0.00 -0.54  0.47  0.35  0.50
 2006  5 -0.15 -0.11 -0.17 -0.04 -0.01 -0.06 -0.26 -0.32 -0.25 -0.20 -0.19 -0.20  0.03  0.03  0.03 -0.29 -0.40 -0.27 -0.48 -0.39 -0.57 -0.21 -0.61 -0.01  0.17  0.18 -0.32
 2006  6 -0.05 -0.01 -0.07  0.05  0.08  0.04 -0.16 -0.21 -0.15 -0.04 -0.07 -0.03  0.11  0.12  0.09 -0.23 -0.33 -0.21  0.48  0.36  0.62 -0.16 -0.58  0.05 -0.09 -0.01 -0.29
 2006  7  0.15  0.32  0.09  0.37  0.39  0.35 -0.06  0.17 -0.11  0.32  0.33  0.32  0.39  0.40  0.38 -0.26  0.05 -0.32  0.51  0.47  0.56 -0.35 -0.31 -0.38  0.39  0.42  0.45
 2006  8 -0.03  0.10 -0.08  0.16  0.18  0.14 -0.21 -0.08 -0.24  0.17  0.16  0.17  0.15  0.19  0.11 -0.41 -0.25 -0.44  0.11  0.15  0.07 -0.62 -0.35 -0.74  0.17  0.18 -0.30
 2006  9 -0.17 -0.01 -0.23  0.16  0.14  0.17 -0.50 -0.34 -0.53  0.10  0.08  0.10  0.19  0.15  0.22 -0.81 -0.66 -0.83  0.57  0.52  0.63 -1.82 -1.49 -1.97  0.02  0.08 -0.16
 2006 10 -0.09 -0.13 -0.08  0.12  0.01  0.19 -0.31 -0.47 -0.27  0.26  0.23  0.27  0.05 -0.04  0.13 -0.61 -0.99 -0.54  0.30  0.27  0.34 -1.97 -2.53 -1.70 -0.01  0.10 -0.12
 2006 11 -0.29 -0.41 -0.24 -0.20 -0.17 -0.21 -0.38 -0.95 -0.27  0.07  0.06  0.07 -0.33 -0.23 -0.42 -0.63 -1.72 -0.43 -0.74 -0.72 -0.76 -2.93 -4.25 -2.31 -0.17 -0.71 -0.22
 2006 12 -0.17 -0.20 -0.15 -0.02 -0.07  0.02 -0.31 -0.48 -0.28  0.15  0.15  0.15 -0.11 -0.14 -0.09 -0.55 -0.92 -0.49 -1.09 -0.99 -1.21 -1.42 -1.85 -1.22  0.58  0.49 -0.55
 2007  1  0.09  0.24  0.04  0.17  0.34  0.06  0.02 -0.00  0.02  0.41  0.38  0.41  0.05  0.34 -0.22 -0.18 -0.31 -0.16 -1.21 -0.78 -1.71 -0.57 -0.87 -0.43  1.15  0.83  0.20
 2007  2 -0.09 -0.04 -0.11  0.04 -0.00  0.06 -0.21 -0.12 -0.23  0.04  0.06  0.03  0.02 -0.03  0.06 -0.33 -0.24 -0.34 -0.61 -0.21 -1.06 -0.16 -0.08 -0.20 -0.14  0.19 -0.64
 2007  3 -0.03  0.13 -0.09  0.11  0.22  0.03 -0.16 -0.08 -0.18 -0.06 -0.12 -0.05  0.19  0.31  0.09 -0.21 -0.03 -0.24  0.12  0.44 -0.24 -0.23  0.04 -0.35  0.08  0.37  0.26
 2007  4 -0.12 -0.02 -0.16 -0.03 -0.00 -0.06 -0.21 -0.06 -0.24 -0.08 -0.01 -0.10 -0.02 -0.01 -0.03 -0.27 -0.08 -0.30 -0.59 -0.39 -0.81 -0.35  0.04 -0.54  0.22  0.35 -0.21
 2007  5 -0.10  0.00 -0.13 -0.01  0.02 -0.04 -0.18 -0.05 -0.21 -0.02  0.06 -0.04 -0.01  0.01 -0.04 -0.26 -0.13 -0.28 -0.09 -0.13 -0.05 -0.48 -0.06 -0.67 -0.27 -0.25 -0.22
 2007  6 -0.14 -0.03 -0.18 -0.10 -0.06 -0.13 -0.18  0.04 -0.23 -0.10 -0.07 -0.11 -0.11 -0.07 -0.15 -0.21  0.15 -0.27 -0.01  0.15 -0.19  0.09  0.68 -0.19 -0.34 -0.30 -0.12
 2007  7 -0.01 -0.11  0.02 -0.16 -0.13 -0.18  0.13 -0.06  0.17 -0.28 -0.26 -0.28 -0.09 -0.10 -0.09  0.35  0.12  0.39 -0.07  0.03 -0.20  0.73  0.38  0.90 -0.33 -0.29 -0.22
 2007  8 -0.04 -0.04 -0.03 -0.13 -0.05 -0.19  0.06 -0.02  0.08 -0.31 -0.23 -0.33 -0.04  0.00 -0.07  0.25  0.13  0.27  0.00  0.01 -0.01  0.14  0.19  0.11  0.12  0.02 -0.07
 2007  9 -0.08 -0.05 -0.09 -0.16 -0.04 -0.24  0.00 -0.07  0.02 -0.25 -0.24 -0.26 -0.11  0.02 -0.22  0.14  0.06  0.15 -0.35 -0.26 -0.45  0.02  0.01  0.03 -0.14 -0.13  0.24
 2007 10 -0.05 -0.11 -0.03 -0.18 -0.13 -0.21  0.08 -0.05  0.11 -0.43 -0.41 -0.44 -0.05 -0.06 -0.04  0.36  0.23  0.38  0.28  0.13  0.45  1.19  0.64  1.45  0.31  0.24 -0.05
 2007 11 -0.05 -0.10 -0.02 -0.10 -0.03 -0.14  0.00 -0.26  0.06 -0.20 -0.14 -0.21 -0.04  0.01 -0.09  0.11 -0.36  0.19  0.26  0.24  0.28 -0.66 -1.19 -0.41 -0.05 -0.02  0.23
 2007 12 -0.19 -0.36 -0.12 -0.33 -0.31 -0.34 -0.05 -0.48  0.04 -0.28 -0.21 -0.30 -0.35 -0.35 -0.36  0.06 -0.66  0.19 -0.60 -0.77 -0.40 -0.63 -1.93 -0.02  0.40  0.21  0.08
 2008  1 -0.25 -0.31 -0.23 -0.40 -0.38 -0.41 -0.10 -0.16 -0.09 -0.33 -0.28 -0.34 -0.43 -0.41 -0.45  0.00 -0.06  0.02 -1.88 -1.73 -2.06 -0.01 -0.12  0.04  0.83  0.82 -0.01
 2008  2 -0.12 -0.07 -0.15 -0.01  0.03 -0.03 -0.24 -0.28 -0.23 -0.50 -0.47 -0.51  0.24  0.15  0.31 -0.09 -0.12 -0.09  0.11  0.13  0.09 -0.01 -0.10  0.02  0.86  1.11  0.07
 2008  3 -0.37 -0.24 -0.42 -0.30 -0.14 -0.41 -0.43 -0.47 -0.42 -0.76 -0.65 -0.79 -0.07 -0.02 -0.11 -0.25 -0.28 -0.24  1.54  0.98  2.18  0.14 -0.03  0.22 -0.40 -0.54 -0.60
 2008  4 -0.35 -0.18 -0.42 -0.37 -0.14 -0.51 -0.33 -0.26 -0.35 -0.60 -0.49 -0.63 -0.25 -0.05 -0.43 -0.19 -0.08 -0.21  0.54  0.65  0.41  0.16  0.51 -0.01 -0.45 -0.52 -0.45
 2008  5 -0.37 -0.28 -0.41 -0.39 -0.29 -0.45 -0.36 -0.26 -0.38 -0.63 -0.57 -0.64 -0.28 -0.23 -0.34 -0.20 -0.01 -0.24 -0.76 -0.64 -0.90  0.13  0.72 -0.15  0.17  0.15 -0.77
 2008  6 -0.27 -0.23 -0.28 -0.29 -0.17 -0.37 -0.24 -0.35 -0.22 -0.37 -0.29 -0.40 -0.24 -0.14 -0.34 -0.18 -0.42 -0.14 -0.25 -0.24 -0.26  0.03 -0.67  0.37 -0.20 -0.23 -0.27
 2008  7 -0.25 -0.12 -0.30 -0.12 -0.07 -0.15 -0.38 -0.23 -0.41 -0.18 -0.13 -0.20 -0.08 -0.04 -0.12 -0.48 -0.36 -0.50  0.05  0.16 -0.07 -0.41 -0.62 -0.31 -0.02  0.02 -0.33
 2008  8 -0.37 -0.16 -0.44 -0.10 -0.04 -0.14 -0.63 -0.46 -0.67 -0.15 -0.04 -0.19 -0.08 -0.03 -0.11 -0.88 -0.77 -0.90  0.11  0.19  0.01 -0.60 -0.83 -0.49  0.00  0.02 -1.16
 2008  9 -0.30 -0.20 -0.34 -0.07 -0.10 -0.06 -0.53 -0.44 -0.55  0.01  0.04 -0.00 -0.12 -0.13 -0.12 -0.81 -0.80 -0.81 -0.00 -0.01  0.00 -1.36 -1.57 -1.27 -0.21 -0.24 -0.28
 2008 10 -0.32 -0.27 -0.34 -0.29 -0.22 -0.33 -0.36 -0.38 -0.35 -0.08 -0.01 -0.10 -0.40 -0.28 -0.51 -0.50 -0.65 -0.48 -0.49 -0.48 -0.49 -0.92 -1.06 -0.85 -0.23 -0.35 -0.27
 2008 11 -0.27 -0.24 -0.29 -0.23 -0.11 -0.32 -0.31 -0.53 -0.27 -0.10  0.02 -0.13 -0.30 -0.14 -0.45 -0.43 -0.95 -0.34 -0.30 -0.21 -0.40 -1.79 -2.60 -1.41 -0.15 -0.04  0.21
 2008 12 -0.25 -0.25 -0.25 -0.14 -0.06 -0.19 -0.36 -0.68 -0.29 -0.31 -0.21 -0.34 -0.06 -0.02 -0.09 -0.39 -1.03 -0.27  0.09  0.09  0.09 -1.53 -2.57 -1.04  0.03  0.17  0.09
 2009  1 -0.17 -0.24 -0.15 -0.11 -0.22 -0.05 -0.23 -0.29 -0.22 -0.34 -0.30 -0.36  0.02 -0.19  0.20 -0.18 -0.29 -0.16 -0.14 -0.60  0.39 -0.30 -0.44 -0.24 -0.29 -0.47 -0.09
 2009  2 -0.07  0.33 -0.23  0.35  0.64  0.17 -0.50 -0.38 -0.53 -0.59 -0.51 -0.62  0.86  0.94  0.78 -0.46 -0.30 -0.49  5.74  4.62  7.03 -0.49 -0.17 -0.65 -0.97 -0.88 -0.31
 2009  3 -0.11  0.09 -0.19 -0.09  0.17 -0.25 -0.14 -0.10 -0.15 -0.37 -0.28 -0.40  0.08  0.30 -0.12 -0.03  0.03 -0.04  1.92  1.63  2.25  0.28  0.49  0.19 -0.41 -0.57 -0.40
 2009  4 -0.10 -0.18 -0.07 -0.17 -0.18 -0.16 -0.03 -0.19  0.01 -0.00 -0.02  0.00 -0.25 -0.22 -0.28 -0.04 -0.30  0.00 -1.28 -1.26 -1.30 -0.55 -0.60 -0.52 -0.03 -0.36 -0.09
 2009  5 -0.19 -0.19 -0.19 -0.25 -0.26 -0.24 -0.14 -0.05 -0.15 -0.18 -0.21 -0.17 -0.28 -0.27 -0.29 -0.11  0.09 -0.15 -0.76 -0.75 -0.77  0.03  0.43 -0.16 -0.25 -0.46 -0.30
 2009  6 -0.27 -0.31 -0.25 -0.29 -0.37 -0.24 -0.25 -0.18 -0.26 -0.31 -0.37 -0.29 -0.27 -0.36 -0.20 -0.22 -0.07 -0.25 -0.17 -0.16 -0.19  0.21  0.33  0.15 -0.05 -0.05 -0.15
 2009  7  0.03  0.03  0.03  0.04 -0.06  0.11  0.02  0.25 -0.03  0.21  0.19  0.22 -0.04 -0.12  0.04 -0.08  0.29 -0.15 -0.12 -0.14 -0.10  0.52  0.84  0.37 -0.03 -0.05 -0.02
 2009  8 -0.01  0.02 -0.02  0.15  0.01  0.25 -0.17  0.06 -0.22  0.29  0.27  0.29  0.08 -0.06  0.21 -0.42 -0.11 -0.47 -0.10 -0.23  0.05 -0.74 -0.52 -0.84  0.02  0.05  0.27
 2009  9  0.10  0.07  0.11  0.17  0.09  0.22  0.03  0.02  0.03  0.30  0.26  0.31  0.10  0.05  0.15 -0.11 -0.17 -0.10  0.08  0.04  0.13 -0.98 -1.00 -0.98  0.04  0.07  0.42
 2009 10  0.11 -0.06  0.18  0.01 -0.10  0.09  0.21  0.01  0.25  0.05  0.04  0.06 -0.00 -0.13  0.11  0.28 -0.02  0.34 -0.42 -0.44 -0.40  0.71 -0.29  1.18  0.34  0.28 -0.06
 2009 11  0.17  0.20  0.15  0.20  0.18  0.21  0.13  0.24  0.11  0.15  0.13  0.16  0.24  0.21  0.26  0.10  0.27  0.07  1.50  1.08  1.99 -0.13  0.56 -0.45  0.12  0.40 -0.13
 2009 12  0.04  0.19 -0.01  0.08  0.19  0.02  0.00  0.18 -0.03 -0.10 -0.13 -0.10  0.17  0.26  0.09  0.07  0.43  0.01  0.59  0.71  0.44  1.27  1.58  1.13 -0.71 -0.94 -0.48
 2010  1  0.21 -0.02  0.30  0.16 -0.15  0.36  0.26  0.27  0.26  0.34  0.28  0.35  0.06 -0.26  0.35  0.23  0.27  0.22 -0.39 -0.57 -0.19  0.42  0.44  0.41  0.49  0.54  0.16
 2010  2  0.30  0.18  0.35  0.46  0.18  0.64  0.14  0.19  0.13  0.26  0.27  0.25  0.56  0.15  0.93  0.08  0.11  0.07  3.25  2.53  4.07  0.16  0.34  0.08  0.12  0.30 -0.45
 2010  3  0.36  0.35  0.37  0.42  0.37  0.45  0.31  0.31  0.31  0.41  0.40  0.41  0.42  0.36  0.47  0.27  0.25  0.27  1.76  1.54  2.02  0.44  0.29  0.52 -0.20  0.08  0.10
 2010  4  0.26  0.28  0.26  0.31  0.29  0.32  0.22  0.25  0.21  0.47  0.51  0.46  0.21  0.24  0.19  0.10  0.03  0.11  0.25  0.46 -0.01 -0.41 -0.61 -0.32  0.18  0.23  0.64
 2010  5  0.39  0.47  0.36  0.57  0.58  0.57  0.21  0.23  0.20  0.73  0.74  0.72  0.49  0.54  0.45 -0.07 -0.15 -0.05 -0.09  0.08 -0.30 -1.05 -1.46 -0.86  0.79  0.63  0.82
 2010  6  0.26  0.37  0.22  0.45  0.52  0.41  0.07  0.03  0.08  0.37  0.42  0.36  0.49  0.55  0.44 -0.09 -0.27 -0.06  0.33  0.54  0.08 -0.89 -1.19 -0.74  0.76  0.69  0.30
 2010  7  0.31  0.33  0.30  0.40  0.43  0.38  0.22  0.10  0.25  0.18  0.24  0.16  0.53  0.49  0.56  0.24 -0.04  0.29  0.51  0.41  0.62 -0.45 -0.97 -0.21  0.99  0.96  0.08
 2010  8  0.33  0.39  0.31  0.39  0.54  0.30  0.27  0.05  0.32  0.09  0.18  0.06  0.56  0.64  0.49  0.37 -0.05  0.44  0.71  0.78  0.62 -0.07 -0.64  0.20  1.05  1.02  0.30
 2010  9  0.27  0.40  0.22  0.42  0.53  0.34  0.12  0.09  0.13  0.16  0.23  0.13  0.56  0.62  0.51  0.10 -0.03  0.13  0.46  0.54  0.38  0.08 -0.50  0.35  0.78  0.70  0.04
 2010 10  0.12  0.26  0.07  0.27  0.39  0.20 -0.03 -0.03 -0.03  0.24  0.33  0.21  0.31  0.41  0.21 -0.18 -0.31 -0.16  0.44  0.47  0.40 -0.94 -1.32 -0.75  0.09  0.19  0.32
 2010 11  0.00  0.01  0.00  0.21  0.32  0.14 -0.20 -0.71 -0.10  0.18  0.31  0.15  0.24  0.33  0.17 -0.42 -1.47 -0.24  0.06  0.03  0.08 -2.91 -4.07 -2.36  0.19  0.05  0.23
 2010 12 -0.11  0.04 -0.16 -0.08  0.20 -0.26 -0.14 -0.34 -0.09 -0.09  0.06 -0.14 -0.04  0.25 -0.31 -0.19 -0.68 -0.10 -0.09  0.18 -0.39 -2.17 -2.47 -2.03 -0.62 -0.51  0.54
 2011  1 -0.20 -0.23 -0.19 -0.35 -0.30 -0.38 -0.05 -0.07 -0.05 -0.21 -0.12 -0.23 -0.40 -0.33 -0.46  0.01 -0.05  0.02 -0.69 -0.69 -0.69 -0.65 -0.66 -0.64 -0.44 -0.65  0.39
 2011  2 -0.21 -0.24 -0.20 -0.43 -0.36 -0.48  0.00  0.02 -0.00 -0.10 -0.02 -0.12 -0.61 -0.46 -0.74  0.06  0.08  0.05 -2.80 -2.38 -3.29  0.02  0.00  0.03  0.04 -0.25  0.10
 2011  3 -0.33 -0.32 -0.34 -0.57 -0.50 -0.62 -0.10  0.09 -0.14 -0.10 -0.02 -0.12 -0.81 -0.62 -0.99 -0.10  0.15 -0.14 -3.50 -2.72 -4.40 -0.07 -0.05 -0.08 -0.14 -0.41  0.51
 2011  4 -0.25 -0.34 -0.22 -0.19 -0.40 -0.04 -0.32 -0.20 -0.35 -0.36 -0.28 -0.39 -0.09 -0.43  0.22 -0.30 -0.17 -0.33  1.16  0.50  1.92 -0.40 -0.11 -0.53  0.20  0.42 -0.08
 2011  5 -0.16 -0.04 -0.21 -0.12 -0.02 -0.18 -0.20 -0.08 -0.23 -0.26 -0.15 -0.28 -0.03  0.02 -0.08 -0.19 -0.05 -0.21  0.72  0.50  0.98  0.00  0.00  0.00  0.17  0.28 -0.03
 2011  6 -0.06  0.09 -0.12  0.04  0.13 -0.02 -0.16 -0.01 -0.19  0.02  0.08 -0.00  0.04  0.14 -0.04 -0.25 -0.07 -0.29  0.04  0.12 -0.06 -0.49 -0.53 -0.47  0.15  0.19  0.23
 2011  7  0.01  0.05 -0.01  0.03  0.06  0.00 -0.01  0.03 -0.02 -0.07 -0.06 -0.08  0.07  0.10  0.05  0.03  0.11  0.02  0.22  0.29  0.15  0.42  0.49  0.39  0.40  0.43 -0.02
 2011  8 -0.03  0.08 -0.07  0.02  0.08 -0.03 -0.07  0.06 -0.10 -0.01  0.02 -0.02  0.03  0.10 -0.04 -0.10  0.08 -0.14  0.03  0.17 -0.13 -0.11  0.22 -0.27  0.29  0.28 -0.22
 2011  9 -0.10  0.06 -0.16  0.11  0.17  0.07 -0.31 -0.19 -0.33  0.06  0.12  0.05  0.12  0.18  0.07 -0.49 -0.39 -0.51 -0.01 -0.01 -0.02 -1.06 -0.78 -1.19  0.03  0.02  0.08
 2011 10 -0.32 -0.14 -0.38 -0.16 -0.05 -0.23 -0.47 -0.36 -0.50 -0.16 -0.07 -0.18 -0.15 -0.04 -0.25 -0.65 -0.57 -0.66 -0.01  0.04 -0.07 -2.08 -1.33 -2.44 -0.09 -0.14 -0.20
 2011 11 -0.29 -0.29 -0.29 -0.27 -0.28 -0.26 -0.31 -0.31 -0.31 -0.10 -0.03 -0.12 -0.35 -0.36 -0.35 -0.42 -0.50 -0.41 -1.51 -1.54 -1.48 -1.73 -1.30 -1.93  0.03 -0.41  0.25
 2011 12 -0.26 -0.40 -0.21 -0.44 -0.41 -0.45 -0.08 -0.36 -0.03 -0.02  0.09 -0.06 -0.67 -0.55 -0.77 -0.11 -0.68 -0.00 -2.51 -2.14 -2.92 -0.53 -1.85  0.09 -0.13 -0.20  0.11
 2012  1 -0.35 -0.23 -0.40 -0.28 -0.16 -0.35 -0.42 -0.38 -0.43 -0.52 -0.45 -0.54 -0.16 -0.09 -0.22 -0.36 -0.29 -0.37 -0.16 -0.27 -0.03 -0.14 -0.23 -0.10  0.39  0.52 -0.38
 2012  2 -0.38 -0.10 -0.48 -0.29  0.04 -0.50 -0.46 -0.43 -0.47 -0.62 -0.55 -0.64 -0.10  0.19 -0.36 -0.39 -0.32 -0.40  1.70  1.59  1.83 -0.24 -0.12 -0.30 -0.42 -0.16 -0.65
 2012  3 -0.16 -0.02 -0.21 -0.10  0.02 -0.17 -0.21 -0.11 -0.24 -0.41 -0.45 -0.40  0.07  0.14  0.01 -0.12  0.14 -0.16  0.88  0.82  0.94  0.26  0.46  0.17 -0.00  0.22  0.26
 2012  4 -0.08  0.22 -0.19  0.00  0.38 -0.24 -0.16 -0.15 -0.16 -0.51 -0.45 -0.52  0.28  0.60 -0.00  0.02  0.07  0.01  1.17  1.36  0.96  0.45  0.55  0.40  0.25  0.17 -0.33
 2012  5 -0.14  0.02 -0.21  0.03  0.16 -0.06 -0.32 -0.30 -0.32 -0.34 -0.34 -0.33  0.22  0.29  0.15 -0.30 -0.26 -0.31  0.26  0.31  0.21 -0.43 -0.32 -0.48  0.46  0.47 -0.15
 2012  6  0.02  0.10 -0.01  0.17  0.24  0.13 -0.14 -0.21 -0.12 -0.15 -0.18 -0.14  0.34  0.34  0.35 -0.13 -0.23 -0.12  0.48  0.46  0.50 -0.62 -0.78 -0.54  0.37  0.40  0.46
 2012  7 -0.09 -0.05 -0.11  0.00  0.08 -0.05 -0.18 -0.33 -0.15 -0.13 -0.13 -0.13  0.07  0.13  0.02 -0.21 -0.47 -0.16  0.23  0.21  0.26 -0.64 -0.83 -0.55  0.12  0.18 -0.31
 2012  8 -0.01  0.01 -0.02 -0.04  0.05 -0.10  0.01 -0.10  0.03 -0.19 -0.16 -0.19  0.05  0.12 -0.02  0.10 -0.07  0.14  0.10  0.12  0.08  0.02 -0.17  0.12  0.13  0.15 -0.16
 2012  9  0.03  0.05  0.02 -0.01  0.09 -0.08  0.07 -0.03  0.09 -0.11 -0.13 -0.10  0.04  0.14 -0.05  0.16  0.05  0.17  0.27  0.25  0.29  0.21  0.09  0.26 -0.24 -0.11  0.32
 2012 10  0.12  0.06  0.14 -0.19 -0.23 -0.16  0.43  0.71  0.37 -0.26 -0.23 -0.27 -0.15 -0.23 -0.08  0.79  1.42  0.68 -0.39 -0.39 -0.40  3.28  3.66  3.10 -0.19 -0.24 -0.17
 2012 11  0.11  0.21  0.07 -0.21 -0.23 -0.19  0.43  1.20  0.27 -0.09 -0.08 -0.10 -0.27 -0.27 -0.27  0.70  2.16  0.45 -1.00 -0.86 -1.15  3.75  5.62  2.86 -0.70 -0.92 -0.27
 2012 12  0.10 -0.06  0.16 -0.34 -0.49 -0.24  0.53  0.91  0.46 -0.03 -0.02 -0.03 -0.49 -0.62 -0.38  0.82  1.64  0.68 -0.01 -0.16  0.15  3.06  4.13  2.56 -0.50 -0.17 -0.35
 2013  1  0.38  0.34  0.40  0.41  0.31  0.47  0.36  0.39  0.36  0.04  0.04  0.05  0.59  0.39  0.78  0.53  0.65  0.51  3.82  2.96  4.80  1.24  1.32  1.20 -0.54 -0.26  0.22
 2013  2  0.12  0.10  0.13  0.01  0.09 -0.04  0.23  0.13  0.26  0.06  0.04  0.07 -0.02  0.09 -0.11  0.33  0.22  0.35  2.21  1.88  2.58  0.71  0.70  0.72 -0.73 -0.74 -0.36
 2013  3  0.08  0.00  0.11 -0.14 -0.10 -0.16  0.30  0.24  0.32  0.17  0.21  0.16 -0.31 -0.19 -0.41  0.38  0.27  0.40 -0.91 -0.59 -1.27  0.33  0.16  0.41 -0.69 -0.82  0.61
 2013  4  0.07 -0.03  0.11 -0.03 -0.00 -0.05  0.18 -0.08  0.23  0.08  0.09  0.08 -0.09 -0.03 -0.14  0.23 -0.20  0.31 -2.17 -1.55 -2.89  0.00 -0.72  0.34  0.04 -0.14  0.12
 2013  5  0.06  0.15  0.03  0.16  0.31  0.07 -0.04 -0.21 -0.00 -0.02  0.01 -0.02  0.26  0.40  0.14 -0.06 -0.38  0.00 -0.07 -0.04 -0.10 -0.72 -1.12 -0.52  0.12  0.08  0.24
 2013  6  0.22  0.36  0.16  0.40  0.53  0.32  0.03 -0.03  0.04  0.15  0.13  0.15  0.53  0.63  0.45 -0.03 -0.12 -0.01  0.66  0.58  0.74 -0.65 -0.70 -0.62  0.43  0.43  0.28
 2013  7  0.10  0.21  0.05  0.23  0.35  0.15 -0.04 -0.10 -0.03  0.03  0.03  0.03  0.34  0.44  0.25 -0.08 -0.20 -0.06  0.78  0.75  0.83 -0.60 -0.65 -0.57  0.20  0.27  0.07
 2013  8  0.05  0.11  0.03  0.14  0.19  0.11 -0.04 -0.06 -0.04  0.04  0.06  0.03  0.20  0.22  0.18 -0.08 -0.15 -0.07  0.48  0.42  0.55 -0.35 -0.16 -0.44 -0.02  0.08 -0.23
 2013  9  0.12  0.30  0.05  0.16  0.22  0.11  0.09  0.50  0.01  0.07  0.07  0.07  0.19  0.26  0.13  0.11  0.82 -0.01  0.43  0.54  0.31  0.86  2.11  0.27  0.36  0.48  0.02
 2013 10  0.18  0.26  0.15  0.06  0.13  0.02  0.30  0.55  0.25 -0.09 -0.10 -0.09  0.12  0.18  0.07  0.52  1.05  0.43  0.22  0.30  0.12  2.16  2.70  1.90 -0.15  0.05  0.08
 2013 11  0.06  0.26 -0.01 -0.13 -0.03 -0.20  0.26  0.91  0.12 -0.06 -0.05 -0.06 -0.18 -0.03 -0.31  0.43  1.65  0.21 -0.51 -0.35 -0.71  3.09  4.12  2.61 -0.17 -0.39 -0.14
 2013 12  0.05  0.13  0.02 -0.18 -0.23 -0.14  0.29  0.94  0.15  0.17  0.18  0.16 -0.36 -0.34 -0.38  0.36  1.53  0.15 -1.75 -1.54 -2.00  2.20  3.80  1.44 -0.85 -1.15 -0.18
 2014  1  0.07 -0.15  0.16  0.02 -0.26  0.20  0.12  0.10  0.12 -0.00 -0.04  0.01  0.02 -0.33  0.33  0.20  0.22  0.19 -1.36 -1.09 -1.67  0.15  0.25  0.10 -0.48 -0.22  0.26
 2014  2 -0.02 -0.17  0.04 -0.10 -0.27  0.01  0.06  0.07  0.06 -0.05 -0.03 -0.06 -0.13 -0.34  0.06  0.12  0.17  0.11 -1.26 -1.08 -1.47  0.20  0.16  0.22  0.07  0.33  0.22
 2014  3  0.06 -0.19  0.15  0.06 -0.26  0.26  0.05 -0.04  0.07 -0.04 -0.09 -0.03  0.11 -0.30  0.48  0.10 -0.00  0.12 -0.40 -0.75  0.01  0.29  0.23  0.32  0.64  0.94 -0.43
 2014  4  0.04 -0.04  0.07  0.12 -0.06  0.25 -0.05  0.03 -0.07 -0.03 -0.09 -0.01  0.21 -0.05  0.44 -0.06  0.09 -0.09  0.91  0.48  1.40  0.37  0.22  0.45 -0.15  0.06  0.14
 2014  5  0.06  0.08  0.06  0.04  0.07  0.02  0.08  0.09  0.08  0.02  0.04  0.01  0.06  0.09  0.04  0.11  0.12  0.11  0.72  0.63  0.83  0.40  0.44  0.38 -0.28 -0.18 -0.15
 2014  6  0.18  0.14  0.19  0.13  0.13  0.13  0.22  0.17  0.23  0.35  0.36  0.35  0.02  0.07 -0.02  0.14  0.02  0.16  0.07  0.16 -0.03 -0.25 -0.36 -0.20  0.00  0.06  0.22
 2014  7  0.16  0.04  0.21  0.08  0.01  0.13  0.24  0.11  0.27  0.23  0.16  0.25  0.01 -0.03  0.05  0.24  0.08  0.27  0.00 -0.01  0.01 -0.11 -0.31 -0.02 -0.10 -0.03  0.76
 2014  8 -0.03 -0.15  0.01 -0.13 -0.16 -0.11  0.06 -0.13  0.10 -0.14 -0.13 -0.15 -0.12 -0.17 -0.07  0.17 -0.14  0.22 -0.02  0.02 -0.06  0.05 -0.42  0.28 -0.14 -0.11 -0.06
 2014  9 -0.03 -0.14  0.01 -0.16 -0.22 -0.13  0.10  0.04  0.12 -0.09 -0.08 -0.09 -0.20 -0.24 -0.16  0.20  0.11  0.21 -0.31 -0.37 -0.25  0.27  0.05  0.37 -0.17 -0.22  0.02
 2014 10  0.13  0.00  0.17 -0.05 -0.06 -0.04  0.30  0.14  0.33 -0.08 -0.05 -0.09 -0.04 -0.07 -0.01  0.51  0.31  0.54 -0.43 -0.32 -0.56  1.46  0.86  1.75  0.33  0.38 -0.15
 2014 11  0.12  0.03  0.16  0.08 -0.04  0.16  0.16  0.20  0.15  0.00 -0.01  0.01  0.12 -0.06  0.28  0.24  0.38  0.22  0.15  0.12  0.18  1.01  1.26  0.89 -0.03  0.13 -0.25
 2014 12  0.08  0.09  0.08  0.06  0.16 -0.01  0.11 -0.05  0.14  0.06  0.04  0.07  0.05  0.17 -0.06  0.14 -0.08  0.17 -0.40 -0.16 -0.67  0.29 -0.36  0.60 -0.06 -0.06  0.17
 2015  1  0.07  0.13  0.05  0.22  0.22  0.21 -0.07 -0.07 -0.07 -0.10 -0.17 -0.07  0.38  0.31  0.44 -0.05  0.04 -0.07  1.05  0.91  1.21  0.12  0.21  0.08 -0.59 -0.44  0.18
 2015  2 -0.07 -0.08 -0.06 -0.09 -0.09 -0.09 -0.04 -0.05 -0.04 -0.20 -0.16 -0.21 -0.04 -0.09  0.00  0.05  0.06  0.05 -1.35 -1.13 -1.59  0.38  0.31  0.41  0.30  0.23 -0.32
 2015  3  0.06 -0.08  0.11 -0.03 -0.15  0.04  0.15  0.09  0.17  0.06  0.01  0.07 -0.09 -0.20  0.01  0.21  0.15  0.22 -1.89 -1.80 -2.00  0.20  0.15  0.22  1.01  0.80  0.13
 2015  4 -0.00 -0.03  0.01  0.07  0.06  0.08 -0.08 -0.24 -0.05 -0.19 -0.23 -0.17  0.21  0.14  0.27 -0.03 -0.24  0.01  1.43  0.97  1.97  0.03 -0.53  0.29  0.13  0.39 -0.11
 2015  5  0.18  0.18  0.18  0.24  0.24  0.24  0.12  0.03  0.14  0.11  0.06  0.13  0.30  0.29  0.31  0.13  0.01  0.15  0.94  0.78  1.12  0.04 -0.30  0.20 -0.15 -0.12  0.24
 2015  6  0.33  0.35  0.33  0.43  0.47  0.40  0.24  0.06  0.28  0.29  0.24  0.31  0.51  0.54  0.48  0.20 -0.09  0.26  1.03  0.95  1.12 -0.18 -0.56  0.00  0.26  0.32 -0.01
 2015  7  0.26  0.30  0.25  0.43  0.43  0.43  0.10  0.00  0.11  0.42  0.38  0.44  0.45  0.45  0.44 -0.09 -0.30 -0.05  0.61  0.79  0.41 -0.77 -1.11 -0.61  0.30  0.36  0.24
 2015  8  0.21  0.21  0.21  0.36  0.23  0.45  0.05  0.16  0.03  0.60  0.55  0.62  0.25  0.16  0.33 -0.25 -0.18 -0.26  0.22  0.32  0.12 -0.71 -0.89 -0.63  0.25  0.27  0.17
 2015  9  0.16  0.20  0.15  0.41  0.29  0.49 -0.09 -0.02 -0.10  0.73  0.69  0.75  0.27  0.21  0.33 -0.55 -0.64 -0.54  0.16  0.23  0.09 -1.92 -2.08 -1.84  0.39  0.34  0.15
 2015 10  0.32  0.38  0.30  0.73  0.61  0.81 -0.09 -0.14 -0.08  0.93  0.88  0.95  0.64  0.54  0.73 -0.65 -0.94 -0.60  0.40  0.50  0.28 -4.04 -3.41 -4.34  0.75  0.65  0.66
 2015 11  0.11 -0.03  0.16  0.22  0.19  0.24 -0.01 -0.53  0.10  0.72  0.70  0.73 -0.03  0.05 -0.10 -0.41 -1.45 -0.22 -1.08 -1.12 -1.04 -3.73 -4.28 -3.46  0.70  0.22  0.62
 2015 12  0.14 -0.13  0.25  0.10 -0.05  0.20  0.18 -0.30  0.28  0.80  0.66  0.84 -0.26 -0.24 -0.28 -0.15 -1.03  0.01 -2.65 -2.25 -3.11 -2.03 -3.09 -1.54  0.65  0.05  0.52
 2016  1  0.26  0.09  0.33  0.26  0.02  0.41  0.27  0.24  0.27  0.91  0.87  0.92 -0.09 -0.20  0.01 -0.07 -0.25 -0.04 -2.38 -2.06 -2.74 -0.74 -0.94 -0.64  1.02  0.99  0.06
 2016  2  0.56  0.51  0.58  0.64  0.51  0.72  0.49  0.50  0.48  0.98  0.91  1.00  0.45  0.40  0.49  0.23  0.20  0.24 -1.10 -0.69 -1.57 -0.21 -0.40 -0.12  1.61  1.85  0.60
 2016  3  0.54  0.50  0.56  0.83  0.57  0.99  0.26  0.33  0.24  0.74  0.74  0.74  0.87  0.53  1.18 -0.00  0.02 -0.01  3.31  2.49  4.26 -0.29 -0.37 -0.25  0.45  0.93  0.35
 2016  4  0.39  0.47  0.36  0.55  0.55  0.54  0.24  0.28  0.23  0.61  0.55  0.62  0.53  0.56  0.50  0.02  0.05  0.02  1.92  1.70  2.16 -0.50 -0.36 -0.57 -0.20 -0.14  0.18
 2016  5  0.19  0.12  0.21  0.14  0.10  0.16  0.23  0.17  0.24  0.33  0.28  0.34  0.04  0.04  0.04  0.18  0.13  0.19 -0.12 -0.07 -0.18  0.09  0.21  0.04 -0.08 -0.09  0.46
 2016  6  0.04 -0.10  0.09 -0.01 -0.09  0.04  0.09 -0.14  0.13 -0.08 -0.13 -0.06  0.02 -0.08  0.11  0.18 -0.13  0.23 -0.24 -0.37 -0.09 -0.17 -0.67  0.06  0.14  0.12  0.52
 2016  7  0.09  0.07  0.10  0.13  0.16  0.11  0.05 -0.12  0.09  0.00  0.02 -0.01  0.19  0.19  0.19  0.09 -0.22  0.14  0.15  0.08  0.23  0.01 -0.52  0.26  0.21  0.21 -0.00
 2016  8  0.23  0.25  0.22  0.26  0.25  0.27  0.19  0.23  0.19  0.14  0.11  0.15  0.31  0.28  0.34  0.24  0.34  0.22  0.35  0.26  0.46  0.37  0.46  0.32  0.24  0.23  0.35
 2016  9  0.29  0.22  0.32  0.15  0.22  0.11  0.43  0.21  0.48  0.06  0.07  0.06  0.19  0.25  0.13  0.64  0.35  0.69  0.45  0.29  0.63  1.12  0.49  1.41  0.16  0.07  0.58
 2016 10  0.35  0.23  0.40  0.27  0.15  0.35  0.43  0.42  0.44  0.29  0.27  0.30  0.26  0.11  0.39  0.52  0.55  0.51  0.28  0.00  0.61  1.36  1.07  1.50  0.12  0.09  0.46
 2016 11  0.33  0.48  0.27  0.24  0.23  0.24  0.43  1.04  0.30  0.05 -0.01  0.06  0.33  0.30  0.36  0.63  1.83  0.42  1.77  1.41  2.18  3.19  4.82  2.42  0.31  0.54  0.01
 2016 12  0.23  0.40  0.16  0.07  0.24 -0.04  0.39  0.76  0.31  0.02 -0.02  0.03  0.10  0.31 -0.09  0.58  1.36  0.44  0.71  0.47  0.99  2.41  3.23  2.02 -0.17 -0.52  0.15
 2017  1  0.12  0.09  0.13 -0.04  0.01 -0.07  0.27  0.28  0.27 -0.02 -0.03 -0.02 -0.03  0.02 -0.08  0.41  0.51  0.40  0.00 -0.15  0.19  0.58  0.71  0.53  0.13 -0.14  0.73
 2017  2  0.07  0.15  0.04  0.13  0.23  0.06  0.02 -0.02  0.03 -0.08 -0.06 -0.08  0.24  0.31  0.17  0.07  0.01  0.08  1.24  1.17  1.32  0.09  0.07  0.09  0.26  0.37 -0.07
 2017  3 -0.02 -0.04 -0.01  0.01 -0.03  0.05 -0.05 -0.04 -0.05 -0.00 -0.01 -0.00  0.03 -0.04  0.10 -0.09 -0.08 -0.09  1.31  0.97  1.71 -0.43 -0.30 -0.49 -0.65 -0.55  0.36
 2017  4  0.05 -0.02  0.08 -0.01 -0.03  0.00  0.11 -0.02  0.13  0.17  0.14  0.18 -0.09 -0.07 -0.12  0.07 -0.14  0.10  0.31  0.31  0.30 -0.24 -0.61 -0.06 -0.24 -0.29  0.28
 2017  5  0.12  0.04  0.16  0.10 -0.00  0.16  0.15  0.13  0.16  0.34  0.29  0.35 -0.01 -0.07  0.04  0.04 -0.04  0.05 -0.29 -0.16 -0.45 -0.24 -0.50 -0.12  0.21  0.20  0.27
 2017  6 -0.02 -0.09  0.00  0.06 -0.05  0.13 -0.10 -0.18 -0.08  0.21  0.31  0.18 -0.02 -0.13  0.07 -0.27 -0.60 -0.21 -0.42 -0.37 -0.49 -1.14 -1.44 -1.00  0.16  0.10 -0.38
 2017  7 -0.01 -0.04  0.00  0.02 -0.02  0.04 -0.03 -0.08 -0.02  0.14  0.15  0.14 -0.04 -0.06 -0.03 -0.13 -0.27 -0.11 -0.20 -0.20 -0.20 -0.70 -0.83 -0.64  0.06 -0.01 -0.12
 2017  8  0.10 -0.04  0.16 -0.01 -0.04  0.01  0.22 -0.03  0.27 -0.03 -0.01 -0.03 -0.00 -0.04  0.03  0.35 -0.05  0.42 -0.06 -0.10 -0.02  0.75  0.12  1.05 -0.05 -0.02 -0.25
 2017  9  0.27  0.15  0.31  0.12  0.14  0.11  0.41  0.18  0.45  0.05  0.05  0.05  0.16  0.17  0.16  0.60  0.28  0.65  0.10  0.15  0.05  1.23  0.62  1.52  0.27  0.28 -0.13
 2017 10  0.36  0.43  0.34  0.32  0.41  0.27  0.40  0.49  0.39  0.19  0.22  0.19  0.37  0.45  0.30  0.53  0.72  0.50  0.30  0.23  0.39  1.69  1.55  1.76  0.50  0.50  0.27
 2017 11  0.20  0.26  0.17  0.06  0.12  0.03  0.33  0.59  0.28  0.01  0.00  0.02  0.08  0.14  0.03  0.51  1.06  0.41  0.14  0.32 -0.06  2.70  2.57  2.76 -0.15  0.02 -0.06
 2017 12  0.23  0.18  0.25  0.13  0.05  0.18  0.34  0.49  0.30  0.11  0.14  0.10  0.14  0.02  0.24  0.46  0.77  0.40  0.92  0.56  1.34  1.32  1.78  1.11  0.42  0.74  0.11
 2018  1 -0.11 -0.08 -0.12 -0.19 -0.13 -0.23 -0.03  0.03 -0.04 -0.18 -0.18 -0.18 -0.19 -0.12 -0.26  0.06  0.23  0.03 -1.10 -0.88 -1.35  0.64  0.79  0.57 -0.11  0.18  0.07
 2018  2 -0.03  0.16 -0.11  0.14  0.33  0.01 -0.20 -0.24 -0.19 -0.33 -0.27 -0.35  0.38  0.49  0.29 -0.13 -0.19 -0.12  1.96  1.79  2.14 -0.05 -0.13 -0.02 -1.35 -1.57 -0.16
 2018  3 -0.02  0.11 -0.06  0.17  0.26  0.11 -0.20 -0.24 -0.19 -0.31 -0.28 -0.32  0.42  0.41  0.43 -0.15 -0.23 -0.13  2.01  1.51  2.59 -0.44 -0.74 -0.31  0.02  0.07  0.05
 2018  4 -0.02  0.03 -0.04 -0.00  0.05 -0.04 -0.04 -0.03 -0.05 -0.20 -0.20 -0.20  0.10  0.12  0.08  0.04  0.12  0.02  0.60  0.50  0.70 -0.22  0.08 -0.36 -0.14 -0.18  0.18
 2018  5 -0.01  0.03 -0.03  0.07  0.14  0.02 -0.09 -0.21 -0.06 -0.11 -0.10 -0.11  0.16  0.20  0.12 -0.08 -0.28 -0.04  0.27  0.34  0.20 -0.22 -0.50 -0.10  0.05  0.11 -0.20
 2018  6  0.06  0.09  0.05  0.17  0.19  0.15 -0.04 -0.13 -0.02  0.01  0.01  0.01  0.25  0.24  0.26 -0.07 -0.23 -0.04  0.30  0.23  0.37 -0.32 -0.51 -0.22  0.33  0.35 -0.13
 2018  7  0.09  0.21  0.04  0.21  0.29  0.16 -0.04  0.02 -0.05  0.12  0.09  0.13  0.26  0.34  0.19 -0.12 -0.03 -0.14  0.26  0.14  0.39 -0.13 -0.28 -0.06  0.09  0.06  0.39
 2018  8 -0.06  0.12 -0.13  0.15  0.18  0.13 -0.26 -0.00 -0.32  0.05  0.01  0.06  0.21  0.22  0.20 -0.43  0.01 -0.50  0.25  0.21  0.29 -0.60 -0.22 -0.79  0.10  0.14  0.41
 2018  9 -0.13 -0.11 -0.13  0.04 -0.04  0.09 -0.29 -0.26 -0.30  0.15  0.12  0.16 -0.01 -0.07  0.04 -0.53 -0.58 -0.52  0.03 -0.04  0.10 -1.25 -1.53 -1.12  0.16  0.02  0.13
 2018 10 -0.06 -0.06 -0.06  0.14  0.08  0.17 -0.25 -0.38 -0.23  0.13  0.13  0.13  0.15  0.09  0.20 -0.47 -0.80 -0.41  0.44  0.36  0.52 -2.44 -2.21 -2.54  0.17  0.07  0.17
 2018 11  0.08 -0.13  0.16  0.13 -0.09  0.26  0.03 -0.22  0.08  0.22  0.22  0.23  0.08 -0.16  0.29 -0.08 -0.58  0.01 -0.19 -0.24 -0.13 -1.02 -1.91 -0.60 -0.39 -0.23  0.40
 2018 12  0.07  0.14  0.04  0.15  0.11  0.17 -0.01  0.18 -0.04  0.06 -0.02  0.09  0.18  0.14  0.22 -0.04  0.37 -0.11  1.01  0.67  1.39  0.33  0.82  0.10  0.15  0.40  0.31
 2019  1  0.17  0.10  0.20  0.24  0.15  0.31  0.10 -0.00  0.12  0.13  0.06  0.14  0.32  0.17  0.46  0.07 -0.07  0.09  3.82  3.01  4.74 -0.22 -0.38 -0.14 -0.54 -0.47  0.14
 2019  2  0.13 -0.10  0.22 -0.01 -0.22  0.13  0.27  0.17  0.29  0.36  0.31  0.38 -0.21 -0.36 -0.08  0.22  0.07  0.25  0.83  0.31  1.43  0.05 -0.03  0.09 -0.23 -0.66  0.12
 2019  3  0.06 -0.11  0.13 -0.04 -0.18  0.05  0.16  0.07  0.18  0.27  0.21  0.29 -0.21 -0.29 -0.15  0.11 -0.04  0.14 -1.23 -1.10 -1.38  0.07 -0.08  0.13 -0.46 -0.74 -0.03
 2019  4  0.19  0.15  0.21  0.19  0.12  0.24  0.19  0.23  0.18  0.40  0.38  0.41  0.09  0.05  0.13  0.07  0.10  0.07 -1.03 -0.80 -1.30 -0.12 -0.07 -0.14  0.12  0.16  0.14
 2019  5  0.11  0.12  0.11  0.24  0.19  0.27 -0.01 -0.04 -0.00  0.18  0.20  0.17  0.27  0.19  0.34 -0.11 -0.24 -0.09  0.70  0.63  0.78 -0.41 -0.67 -0.29  0.19  0.27 -0.00
 2019  6  0.23  0.21  0.23  0.32  0.24  0.37  0.14  0.14  0.13  0.42  0.40  0.43  0.27  0.21  0.32 -0.01 -0.07 -0.00  0.38  0.35  0.42  0.41 -0.33  0.76  0.03  0.01 -0.05
 2019  7  0.16  0.18  0.15  0.21  0.22  0.21  0.10  0.08  0.10  0.17  0.20  0.16  0.24  0.23  0.24  0.07 -0.01  0.08  0.27  0.29  0.25 -0.09  0.22 -0.23  0.12  0.05 -0.33
 2019  8  0.27  0.23  0.28  0.26  0.26  0.26  0.28  0.17  0.30  0.17  0.13  0.19  0.29  0.28  0.30  0.35  0.23  0.37  0.26  0.20  0.31  0.42  0.55  0.36  0.23  0.17  0.30
 2019  9  0.43  0.26  0.50 -0.09 -0.05 -0.11  0.95  0.96  0.95 -0.24 -0.22 -0.25 -0.02 -0.01 -0.03  1.60  1.88  1.55  0.18  0.22  0.14  5.52  5.41  5.57 -0.03  0.01 -0.75
 2019 10  0.07  0.22  0.02 -0.12 -0.06 -0.16  0.27  0.87  0.15 -0.28 -0.24 -0.29 -0.07 -0.03 -0.10  0.58  1.74  0.38 -0.15 -0.09 -0.21  4.53  5.34  4.14  0.07  0.06 -1.05
 2019 11  0.20  0.38  0.12  0.04 -0.08  0.12  0.35  1.42  0.12  0.04  0.02  0.05  0.03 -0.11  0.15  0.52  2.51  0.17 -0.52 -0.27 -0.79  4.64  6.93  3.55 -0.12  0.15 -0.72
 2019 12  0.29  0.30  0.28  0.30  0.20  0.36  0.28  0.54  0.23  0.27  0.26  0.27  0.30  0.16  0.42  0.30  0.80  0.21  0.71  0.51  0.94  1.74  2.45  1.41  0.68  0.92 -0.59
 2020  1  0.45  0.48  0.43  0.29  0.42  0.21  0.60  0.62  0.60  0.51  0.55  0.50  0.17  0.38 -0.02  0.66  0.67  0.66 -1.37 -0.94 -1.86  0.71  0.80  0.67  0.82  0.80  0.47
 2020  2  0.53  0.43  0.57  0.28  0.25  0.30  0.77  0.81  0.76  0.74  0.73  0.74  0.04  0.13 -0.04  0.80  0.88  0.78 -3.37 -2.68 -4.17  1.06  1.06  1.06  1.63  1.20  0.70
 2020  3  0.34  0.26  0.37  0.10  0.14  0.07  0.58  0.52  0.59  0.67  0.70  0.66 -0.22 -0.02 -0.39  0.54  0.41  0.56 -4.33 -3.55 -5.23  0.43  0.12  0.58  0.10 -0.83  0.47
 2020  4  0.26  0.12  0.31  0.10 -0.01  0.17  0.42  0.40  0.42  0.43  0.44  0.42 -0.08 -0.14 -0.02  0.41  0.39  0.42 -2.77 -2.18 -3.45  0.08  0.23  0.00  0.69  0.61  0.52
 2020  5  0.32  0.23  0.36  0.30  0.18  0.37  0.35  0.36  0.35  0.46  0.43  0.47  0.21  0.11  0.30  0.30  0.31  0.30 -0.22 -0.27 -0.18 -0.23  0.15 -0.40  0.44  0.35  0.57
 2020  6  0.14  0.15  0.14  0.16  0.19  0.14  0.12  0.08  0.13  0.17  0.20  0.17  0.16  0.19  0.13  0.09 -0.04  0.11  0.22  0.15  0.30 -0.51 -0.68 -0.43  0.04  0.10  0.31
 2020  7  0.12  0.14  0.10  0.10  0.12  0.08  0.13  0.19  0.12  0.12  0.19  0.10  0.09  0.11  0.08  0.14  0.18  0.13  0.24  0.35  0.11 -0.16  0.40 -0.43  0.06  0.11 -0.20
 2020  8  0.16  0.16  0.16  0.12  0.11  0.13  0.20  0.26  0.19  0.27  0.31  0.25  0.05  0.06  0.05  0.16  0.22  0.15 -0.33 -0.34 -0.30 -0.48  0.01 -0.71  0.01 -0.03  0.36
 2020  9  0.12  0.05  0.15  0.11  0.09  0.13  0.12 -0.05  0.16  0.20  0.23  0.19  0.08  0.06  0.09  0.08 -0.28  0.14 -0.23 -0.30 -0.14 -0.96 -1.07 -0.91  0.05 -0.08 -0.09
 2020 10  0.06  0.08  0.05  0.28  0.29  0.27 -0.17 -0.41 -0.12  0.35  0.38  0.35  0.25  0.27  0.23 -0.45 -1.00 -0.36  0.26  0.20  0.32 -2.82 -3.44 -2.52  0.01  0.02  0.53
 2020 11  0.06 -0.13  0.13  0.29  0.27  0.30 -0.17 -1.03  0.01  0.48  0.51  0.48  0.18  0.20  0.17 -0.52 -2.18 -0.23 -0.46 -0.56 -0.34 -4.48 -6.25 -3.64  0.45 -0.01  0.62
 2020 12 -0.03 -0.27  0.07  0.08 -0.00  0.13 -0.13 -0.88  0.03  0.19  0.25  0.17  0.03 -0.07  0.11 -0.31 -1.73 -0.06 -0.57 -0.30 -0.88 -3.27 -4.96 -2.47 -0.07  0.14  0.62
 2021  1 -0.10 -0.06 -0.12  0.03  0.01  0.04 -0.24 -0.22 -0.24 -0.10 -0.01 -0.12  0.11  0.01  0.19 -0.32 -0.35 -0.32  2.84  2.12  3.65 -0.80 -0.88 -0.77 -0.00  0.41 -0.01
 2021  2  0.08  0.31 -0.01  0.07  0.38 -0.13  0.10  0.16  0.09  0.02  0.06  0.01  0.08  0.47 -0.26  0.15  0.24  0.14  0.51  0.98 -0.03  0.29  0.18  0.34 -0.31 -0.39  0.36
 2021  3 -0.17 -0.18 -0.17 -0.27 -0.24 -0.29 -0.08 -0.04 -0.08 -0.10 -0.05 -0.12 -0.36 -0.31 -0.41 -0.06  0.03 -0.07 -1.07 -1.16 -0.96  0.27  0.36  0.23 -0.26 -0.59 -0.19
 2021  4 -0.14 -0.16 -0.13 -0.26 -0.28 -0.24 -0.02  0.11 -0.05 -0.08 -0.04 -0.09 -0.36 -0.35 -0.36  0.01  0.23 -0.03 -2.62 -2.05 -3.27  0.19  0.36  0.11  0.33 -0.05  0.35
 2021  5  0.04  0.02  0.05  0.05  0.06  0.04  0.03 -0.07  0.05  0.10  0.09  0.11  0.02  0.04 -0.00 -0.01 -0.17  0.02 -1.10 -0.85 -1.39  0.07 -0.40  0.29  0.27  0.16  0.02
 2021  6 -0.09  0.09 -0.16  0.24  0.27  0.22 -0.41 -0.30 -0.44 -0.02  0.01 -0.03  0.36  0.33  0.39 -0.61 -0.52 -0.62  0.55  0.42  0.70 -1.09 -1.16 -1.05  0.35  0.42 -0.03
 2021  7  0.01  0.27 -0.09  0.37  0.40  0.35 -0.34 -0.03 -0.41  0.33  0.35  0.32  0.38  0.41  0.36 -0.68 -0.29 -0.75  0.50  0.49  0.52 -1.13 -0.81 -1.28  0.48  0.45  0.35
 2021  8 -0.00  0.17 -0.07  0.25  0.25  0.24 -0.25 -0.01 -0.30  0.17  0.21  0.16  0.30  0.27  0.32 -0.49 -0.20 -0.54  0.49  0.41  0.58 -1.10 -0.75 -1.26  0.35  0.35  0.09
 2021  9  0.01  0.16 -0.05  0.15  0.20  0.12 -0.13  0.07 -0.18  0.32  0.36  0.30  0.08  0.16  0.01 -0.38 -0.15 -0.42 -0.46 -0.48 -0.43 -1.48 -1.27 -1.58  0.19  0.06  0.56
 2021 10  0.10  0.25  0.04  0.41  0.40  0.41 -0.21 -0.09 -0.24  0.53  0.57  0.51  0.35  0.35  0.35 -0.61 -0.59 -0.61  0.16  0.11  0.21 -3.26 -2.55 -3.59  0.60  0.68  0.94
 2021 11 -0.21 -0.19 -0.23  0.07  0.12  0.05 -0.50 -0.88 -0.42  0.23  0.28  0.21  0.00  0.08 -0.06 -0.90 -1.75 -0.74 -0.56 -0.29 -0.88 -4.21 -4.99 -3.85 -0.48 -0.49  0.70
 2021 12 -0.02 -0.14  0.02  0.14  0.11  0.16 -0.19 -0.69 -0.09  0.22  0.32  0.19  0.09  0.05  0.13 -0.40 -1.45 -0.21 -0.70 -0.54 -0.87 -2.85 -4.17 -2.23  0.14  0.07  0.33
 2022  1 -0.05 -0.19 -0.00 -0.12 -0.23 -0.05  0.01 -0.08  0.03  0.07  0.07  0.07 -0.23 -0.32 -0.16 -0.00 -0.16  0.02 -2.29 -2.02 -2.61 -0.97 -1.14 -0.89 -0.02 -0.09  0.45
 2022  2 -0.04 -0.22  0.04 -0.33 -0.42 -0.28  0.26  0.24  0.27  0.31  0.26  0.32 -0.69 -0.62 -0.76  0.26  0.27  0.26 -5.15 -4.37 -6.05  0.09  0.21  0.03  0.12 -0.38  0.28
 2022  3  0.00 -0.18  0.07 -0.01 -0.28  0.16  0.01  0.05  0.00  0.11  0.19  0.08 -0.08 -0.42  0.23 -0.03  0.00 -0.03 -1.49 -1.84 -1.08 -0.23 -0.22 -0.23  0.69  0.91  0.05
 2022  4  0.06  0.07  0.06  0.16  0.09  0.21 -0.04  0.03 -0.05 -0.03  0.03 -0.05  0.26  0.10  0.40 -0.03  0.02 -0.04  1.75  1.16  2.43 -0.22 -0.43 -0.11  0.31  0.32  0.53
 2022  5  0.06  0.17  0.02  0.12  0.24  0.04  0.01  0.01  0.01  0.12  0.13  0.11  0.13  0.27 -0.00 -0.06 -0.08 -0.05  0.04  0.07  0.01 -0.66 -0.76 -0.62 -0.03 -0.05  0.69
 2022  6 -0.16 -0.11 -0.18 -0.14 -0.12 -0.15 -0.18 -0.07 -0.20 -0.25 -0.20 -0.27 -0.08 -0.09 -0.07 -0.15 -0.00 -0.17 -0.19 -0.22 -0.16 -0.32  0.12 -0.53 -0.11 -0.18 -0.12
 2022  7  0.18  0.30  0.14  0.26  0.31  0.23  0.10  0.28  0.06  0.25  0.33  0.22  0.28  0.32  0.25  0.02  0.22 -0.01  0.29  0.33  0.24 -0.26 -0.07 -0.36  0.27  0.32  0.45
 2022  8  0.06  0.26 -0.02  0.28  0.32  0.26 -0.17  0.12 -0.23  0.21  0.28  0.19  0.33  0.34  0.32 -0.37  0.01 -0.44  0.32  0.27  0.38 -0.37 -0.17 -0.47  0.27  0.37  0.04
 2022  9 -0.01  0.24 -0.10  0.30  0.37  0.25 -0.31 -0.05 -0.36  0.30  0.34  0.29  0.31  0.38  0.24 -0.64 -0.37 -0.69  0.48  0.64  0.30 -1.27 -1.36 -1.23  0.21  0.31  0.23
 2022 10 -0.12  0.04 -0.18  0.19  0.21  0.18 -0.43 -0.32 -0.45  0.32  0.34  0.32  0.14  0.18  0.10 -0.84 -0.85 -0.84  0.63  0.53  0.74 -3.08 -2.82 -3.21 -0.14  0.08  0.69
 2022 11 -0.25 -0.26 -0.24 -0.01 -0.01 -0.01 -0.48 -0.81 -0.41  0.17  0.19  0.16 -0.08 -0.07 -0.10 -0.84 -1.57 -0.72 -0.15 -0.22 -0.08 -3.86 -4.44 -3.58 -0.32 -0.33  0.71
 2022 12 -0.28 -0.38 -0.23 -0.25 -0.22 -0.27 -0.30 -0.74 -0.21 -0.03  0.00 -0.04 -0.36 -0.27 -0.43 -0.45 -1.31 -0.30 -0.50 -0.35 -0.67 -2.15 -3.45 -1.54 -1.03 -1.20  0.30
 2023  1 -0.29 -0.44 -0.23 -0.36 -0.50 -0.27 -0.21 -0.28 -0.20 -0.05 -0.10 -0.04 -0.53 -0.62 -0.46 -0.29 -0.40 -0.27 -1.67 -1.51 -1.85 -0.72 -0.98 -0.60  0.50  0.59  0.24
 Year Mo Globe  Land Ocean   NH   Land Ocean   SH   Land Ocean Trpcs  Land Ocean NoExt  Land Ocean SoExt  Land Ocean NoPol  Land Ocean SoPol  Land Ocean USA48 USA49  AUST
 
 Trend    0.02  0.02  0.01  0.03  0.03  0.03  0.00 -0.01  0.00  0.03  0.04  0.03  0.03  0.03  0.03 -0.01 -0.04 -0.01  0.00 -0.00  0.01 -0.10 -0.16 -0.08  0.05  0.05  0.05
 
  NOTE:  Version 6.0 as of April 2015
  NOTE:  New Reference for annual cycle 1991-2020
  NOTE:  Version 5.6 as of Jun 2013
  NOTE:  3/13 More accurate grid weighting for USA48
  NOTE:  3/13 Alaska added in USA49, Australia added
 
  GL 90S-90N, NH 0-90N, SH 90S-0, TRPCS 20S-20N
  NoExt 20N-90N, SoExt 90S-20S, NoPol 60N-90N, SoPol 90S-60S
  
